2010 10 2
2010 11 27
2010 12 31
2010 7 1
2010 9 1
2011 1 35
2011 10 17
2011 11 27
2011 12 20
2011 2 29
2011 3 11
2011 4 19
2011 5 20
2011 6 17
2011 7 23
2011 8 25
2011 9 25
2012 1 61
2012 10 40
2012 11 45
2012 12 36
2012 2 46
2012 3 26
2012 4 41
2012 5 42
2012 6 20
2012 7 28
2012 8 33
2012 9 52
2013 1 50
2013 10 29
2013 11 29
2013 12 39
2013 2 36
2013 3 41
2013 4 42
2013 5 51
2013 6 36
2013 7 32
2013 8 39
2013 9 45
2014 1 67
2014 10 27
2014 11 28
2014 12 52
2014 2 33
2014 3 30
2014 4 40
2014 5 38
2014 6 25
2014 7 31
2014 8 38
2014 9 25
2015 1 69
2015 10 67
2015 11 49
2015 12 53
2015 2 35
2015 3 24
2015 4 38
2015 5 55
2015 6 50
2015 7 33
2015 8 58
2015 9 40
2016 1 76
2016 10 40
2016 11 49
2016 12 66
2016 2 66
2016 3 49
2016 4 54
2016 5 67
2016 6 26
2016 7 38
2016 8 43
2016 9 99
2017 1 80
2017 10 64
2017 11 53
2017 12 51
2017 2 49
2017 3 38
2017 4 37
2017 5 55
2017 6 67
2017 7 41
2017 8 63
2017 9 77
2018 1 107
2018 10 70
2018 11 73
2018 12 97
2018 2 65
2018 3 97
2018 4 68
2018 5 86
2018 6 53
2018 7 75
2018 8 99
2018 9 97
