2008 1 4
2008 10 2
2008 11 1
2008 2 2
2008 3 1
2008 5 6
2008 6 3
2008 7 2
2008 8 2
2008 9 6
2009 11 2
2009 9 4
2010 1 1
2010 10 54
2010 11 49
2010 12 51
2010 5 0
2010 6 2
2010 7 1
2010 9 2
2011 1 73
2011 10 34
2011 11 47
2011 12 55
2011 2 78
2011 3 55
2011 4 48
2011 5 73
2011 6 43
2011 7 58
2011 8 53
2011 9 82
2012 1 82
2012 10 54
2012 11 60
2012 12 35
2012 2 58
2012 3 42
2012 4 46
2012 5 61
2012 6 56
2012 7 75
2012 8 57
2012 9 95
2013 1 61
2013 10 75
2013 11 62
2013 12 59
2013 2 39
2013 3 55
2013 4 56
2013 5 58
2013 6 70
2013 7 48
2013 8 60
2013 9 119
2014 1 101
2014 10 64
2014 11 65
2014 12 81
2014 2 60
2014 3 72
2014 4 71
2014 5 68
2014 6 63
2014 7 51
2014 8 50
2014 9 93
2015 1 117
2015 10 64
2015 11 53
2015 12 66
2015 2 85
2015 3 59
2015 4 67
2015 5 95
2015 6 70
2015 7 33
2015 8 75
2015 9 107
2016 1 72
2016 10 40
2016 11 38
2016 12 76
2016 2 67
2016 3 56
2016 4 51
2016 5 88
2016 6 42
2016 7 50
2016 8 41
2016 9 92
2017 1 54
2017 10 66
2017 11 62
2017 12 85
2017 2 89
2017 3 41
2017 4 49
2017 5 78
2017 6 72
2017 7 40
2017 8 62
2017 9 108
2018 1 103
2018 10 68
2018 11 66
2018 12 85
2018 2 59
2018 3 63
2018 4 51
2018 5 76
2018 6 53
2018 7 64
2018 8 74
2018 9 94
