2008 1 190
2008 10 110
2008 11 84
2008 12 95
2008 2 143
2008 3 57
2008 4 82
2008 5 132
2008 6 81
2008 7 83
2008 8 78
2008 9 149
2009 1 129
2009 10 83
2009 11 65
2009 12 93
2009 2 87
2009 3 70
2009 4 62
2009 5 98
2009 6 58
2009 7 71
2009 8 72
2009 9 139
2010 1 132
2010 10 66
2010 11 87
2010 12 101
2010 2 94
2010 3 55
2010 4 87
2010 5 75
2010 6 66
2010 7 65
2010 8 66
2010 9 93
2011 1 134
2011 10 86
2011 11 75
2011 12 62
2011 2 147
2011 3 52
2011 4 49
2011 5 109
2011 6 62
2011 7 74
2011 8 82
2011 9 163
2012 1 122
2012 10 84
2012 11 88
2012 12 49
2012 2 94
2012 3 51
2012 4 53
2012 5 90
2012 6 51
2012 7 55
2012 8 59
2012 9 128
2013 1 113
2013 10 51
2013 11 51
2013 12 67
2013 2 63
2013 3 42
2013 4 31
2013 5 61
2013 6 35
2013 7 28
2013 8 40
2013 9 67
2014 1 105
2014 10 64
2014 11 57
2014 12 83
2014 2 70
2014 3 39
2014 4 67
2014 5 84
2014 6 45
2014 7 54
2014 8 82
2014 9 87
2015 1 110
2015 10 73
2015 11 62
2015 12 78
2015 2 75
2015 3 55
2015 4 47
2015 5 97
2015 6 48
2015 7 54
2015 8 95
2015 9 84
2016 1 135
2016 10 47
2016 11 39
2016 12 64
2016 2 134
2016 3 82
2016 4 53
2016 5 83
2016 6 72
2016 7 44
2016 8 43
2016 9 92
2017 1 97
2017 10 100
2017 11 91
2017 12 67
2017 2 84
2017 3 45
2017 4 58
2017 5 76
2017 6 87
2017 7 41
2017 8 77
2017 9 86
2018 1 102
2018 10 94
2018 11 76
2018 12 81
2018 2 81
2018 3 73
2018 4 50
2018 5 97
2018 6 54
2018 7 59
2018 8 106
2018 9 127
