2008 1 21
2008 10 4
2008 11 9
2008 12 11
2008 2 10
2008 3 6
2008 4 6
2008 5 28
2008 6 10
2008 7 9
2008 8 2
2008 9 16
2009 1 4
2009 10 1
2009 11 7
2009 12 12
2009 2 2
2009 3 1
2009 4 0
2009 5 9
2009 6 1
2009 7 3
2009 8 0
2009 9 25
2010 1 23
2010 10 321
2010 11 369
2010 12 330
2010 2 10
2010 3 2
2010 4 3
2010 5 8
2010 6 12
2010 7 5
2010 8 5
2010 9 28
2011 1 474
2011 10 543
2011 11 597
2011 12 448
2011 2 505
2011 3 385
2011 4 321
2011 5 523
2011 6 326
2011 7 337
2011 8 410
2011 9 706
2012 1 467
2012 10 608
2012 11 629
2012 12 388
2012 2 439
2012 3 288
2012 4 357
2012 5 755
2012 6 443
2012 7 520
2012 8 561
2012 9 652
2013 1 418
2013 10 644
2013 11 526
2013 12 512
2013 2 552
2013 3 405
2013 4 510
2013 5 635
2013 6 479
2013 7 433
2013 8 525
2013 9 759
2014 1 659
2014 10 580
2014 11 583
2014 12 517
2014 2 573
2014 3 454
2014 4 515
2014 5 648
2014 6 431
2014 7 438
2014 8 491
2014 9 661
2015 1 591
2015 10 408
2015 11 453
2015 12 333
2015 2 556
2015 3 469
2015 4 475
2015 5 551
2015 6 367
2015 7 368
2015 8 376
2015 9 727
2016 1 345
2016 10 337
2016 11 356
2016 12 370
2016 2 409
2016 3 321
2016 4 345
2016 5 486
2016 6 324
2016 7 306
2016 8 341
2016 9 537
2017 1 341
2017 10 351
2017 11 295
2017 12 311
2017 2 422
2017 3 339
2017 4 278
2017 5 458
2017 6 331
2017 7 317
2017 8 361
2017 9 477
2018 1 342
2018 10 319
2018 11 328
2018 12 315
2018 2 303
2018 3 287
2018 4 295
2018 5 458
2018 6 284
2018 7 268
2018 8 389
2018 9 486
