2008 1 4
2008 10 2
2008 11 1
2008 2 2
2008 3 1
2008 5 6
2008 6 3
2008 7 2
2008 8 2
2008 9 6
2009 11 2
2009 9 5
2010 1 1
2010 10 60
2010 11 54
2010 12 56
2010 5 1
2010 6 2
2010 7 1
2010 9 3
2011 1 82
2011 10 41
2011 11 61
2011 12 73
2011 2 84
2011 3 61
2011 4 52
2011 5 90
2011 6 46
2011 7 66
2011 8 60
2011 9 116
2012 1 90
2012 10 65
2012 11 71
2012 12 40
2012 2 65
2012 3 48
2012 4 54
2012 5 79
2012 6 60
2012 7 86
2012 8 77
2012 9 118
2013 1 69
2013 10 80
2013 11 68
2013 12 64
2013 2 44
2013 3 63
2013 4 67
2013 5 79
2013 6 75
2013 7 50
2013 8 64
2013 9 131
2014 1 107
2014 10 69
2014 11 72
2014 12 84
2014 2 63
2014 3 74
2014 4 79
2014 5 71
2014 6 68
2014 7 55
2014 8 54
2014 9 101
2015 1 122
2015 10 65
2015 11 56
2015 12 67
2015 2 86
2015 3 64
2015 4 70
2015 5 99
2015 6 73
2015 7 38
2015 8 75
2015 9 113
2016 1 84
2016 10 44
2016 11 45
2016 12 82
2016 2 71
2016 3 61
2016 4 63
2016 5 113
2016 6 47
2016 7 53
2016 8 47
2016 9 104
2017 1 61
2017 10 82
2017 11 73
2017 12 94
2017 2 96
2017 3 42
2017 4 58
2017 5 92
2017 6 76
2017 7 43
2017 8 65
2017 9 117
2018 1 115
2018 10 79
2018 11 78
2018 12 90
2018 2 75
2018 3 73
2018 4 56
2018 5 80
2018 6 57
2018 7 70
2018 8 81
2018 9 98
