2008 1 194
2008 10 120
2008 11 95
2008 12 104
2008 2 148
2008 3 63
2008 4 87
2008 5 137
2008 6 86
2008 7 87
2008 8 83
2008 9 152
2009 1 144
2009 10 96
2009 11 80
2009 12 103
2009 2 93
2009 3 73
2009 4 67
2009 5 108
2009 6 63
2009 7 72
2009 8 76
2009 9 148
2010 1 140
2010 10 71
2010 11 97
2010 12 107
2010 2 108
2010 3 56
2010 4 93
2010 5 86
2010 6 77
2010 7 73
2010 8 69
2010 9 99
2011 1 143
2011 10 94
2011 11 87
2011 12 65
2011 2 160
2011 3 57
2011 4 53
2011 5 119
2011 6 65
2011 7 75
2011 8 92
2011 9 169
2012 1 149
2012 10 94
2012 11 101
2012 12 53
2012 2 108
2012 3 55
2012 4 57
2012 5 108
2012 6 55
2012 7 65
2012 8 75
2012 9 148
2013 1 118
2013 10 53
2013 11 54
2013 12 71
2013 2 72
2013 3 50
2013 4 33
2013 5 67
2013 6 37
2013 7 29
2013 8 41
2013 9 71
2014 1 112
2014 10 73
2014 11 62
2014 12 85
2014 2 72
2014 3 43
2014 4 74
2014 5 89
2014 6 51
2014 7 57
2014 8 89
2014 9 106
2015 1 113
2015 10 80
2015 11 66
2015 12 81
2015 2 77
2015 3 61
2015 4 52
2015 5 104
2015 6 51
2015 7 57
2015 8 103
2015 9 89
2016 1 139
2016 10 58
2016 11 44
2016 12 67
2016 2 144
2016 3 89
2016 4 59
2016 5 85
2016 6 75
2016 7 52
2016 8 49
2016 9 102
2017 1 109
2017 10 133
2017 11 110
2017 12 90
2017 2 88
2017 3 50
2017 4 61
2017 5 90
2017 6 123
2017 7 54
2017 8 90
2017 9 99
2018 1 136
2018 10 108
2018 11 86
2018 12 92
2018 2 102
2018 3 86
2018 4 58
2018 5 112
2018 6 63
2018 7 68
2018 8 109
2018 9 135
