2010 10 37
2010 11 193
2010 12 214
2010 6 4
2010 7 23
2010 8 3
2010 9 65
2011 1 339
2011 10 261
2011 11 251
2011 12 233
2011 2 257
2011 3 141
2011 4 215
2011 5 241
2011 6 203
2011 7 215
2011 8 285
2011 9 328
2012 1 386
2012 10 264
2012 11 367
2012 12 372
2012 2 404
2012 3 217
2012 4 379
2012 5 394
2012 6 224
2012 7 325
2012 8 346
2012 9 361
2013 1 431
2013 10 360
2013 11 340
2013 12 421
2013 2 499
2013 3 354
2013 4 412
2013 5 452
2013 6 323
2013 7 366
2013 8 347
2013 9 377
2014 1 561
2014 10 283
2014 11 318
2014 12 359
2014 2 356
2014 3 340
2014 4 373
2014 5 395
2014 6 311
2014 7 408
2014 8 372
2014 9 314
2015 1 477
2015 10 341
2015 11 318
2015 12 338
2015 2 358
2015 3 288
2015 4 340
2015 5 374
2015 6 312
2015 7 365
2015 8 329
2015 9 416
2016 1 441
2016 10 353
2016 11 450
2016 12 413
2016 2 388
2016 3 341
2016 4 406
2016 5 461
2016 6 263
2016 7 290
2016 8 392
2016 9 434
2017 1 552
2017 10 383
2017 11 349
2017 12 381
2017 2 441
2017 3 458
2017 4 298
2017 5 491
2017 6 379
2017 7 358
2017 8 373
2017 9 455
2018 1 443
2018 10 378
2018 11 407
2018 12 388
2018 2 358
2018 3 312
2018 4 343
2018 5 408
2018 6 296
2018 7 351
2018 8 361
2018 9 450
