2008 1 3
2008 10 2
2008 11 0
2008 2 2
2008 3 1
2008 5 6
2008 6 3
2008 7 2
2008 8 1
2008 9 6
2009 11 0
2009 9 3
2010 1 1
2010 10 44
2010 11 30
2010 12 22
2010 5 0
2010 6 1
2010 7 1
2010 9 1
2011 1 50
2011 10 31
2011 11 35
2011 12 35
2011 2 49
2011 3 35
2011 4 43
2011 5 67
2011 6 31
2011 7 47
2011 8 49
2011 9 59
2012 1 73
2012 10 49
2012 11 54
2012 12 30
2012 2 43
2012 3 35
2012 4 34
2012 5 54
2012 6 39
2012 7 59
2012 8 48
2012 9 87
2013 1 57
2013 10 61
2013 11 47
2013 12 45
2013 2 32
2013 3 49
2013 4 42
2013 5 46
2013 6 57
2013 7 40
2013 8 50
2013 9 95
2014 1 92
2014 10 52
2014 11 50
2014 12 65
2014 2 45
2014 3 61
2014 4 56
2014 5 59
2014 6 44
2014 7 40
2014 8 43
2014 9 73
2015 1 106
2015 10 50
2015 11 37
2015 12 55
2015 2 71
2015 3 52
2015 4 52
2015 5 70
2015 6 57
2015 7 28
2015 8 59
2015 9 81
2016 1 65
2016 10 35
2016 11 27
2016 12 55
2016 2 59
2016 3 48
2016 4 41
2016 5 60
2016 6 39
2016 7 46
2016 8 33
2016 9 85
2017 1 49
2017 10 52
2017 11 49
2017 12 54
2017 2 68
2017 3 33
2017 4 30
2017 5 56
2017 6 46
2017 7 35
2017 8 47
2017 9 89
2018 1 78
2018 10 50
2018 11 55
2018 12 73
2018 2 47
2018 3 49
2018 4 29
2018 5 54
2018 6 41
2018 7 52
2018 8 56
2018 9 77
