2008 1 20
2008 10 3
2008 11 6
2008 12 6
2008 2 9
2008 3 3
2008 4 5
2008 5 23
2008 6 10
2008 7 8
2008 8 2
2008 9 11
2009 1 2
2009 10 0
2009 11 7
2009 12 11
2009 2 2
2009 3 0
2009 4 0
2009 5 8
2009 6 1
2009 7 3
2009 8 0
2009 9 18
2010 1 12
2010 10 253
2010 11 298
2010 12 244
2010 2 8
2010 3 1
2010 4 3
2010 5 8
2010 6 9
2010 7 4
2010 8 3
2010 9 18
2011 1 356
2011 10 392
2011 11 387
2011 12 318
2011 2 371
2011 3 312
2011 4 242
2011 5 365
2011 6 254
2011 7 239
2011 8 312
2011 9 503
2012 1 329
2012 10 463
2012 11 462
2012 12 297
2012 2 319
2012 3 224
2012 4 276
2012 5 546
2012 6 357
2012 7 427
2012 8 406
2012 9 500
2013 1 318
2013 10 509
2013 11 392
2013 12 370
2013 2 428
2013 3 332
2013 4 388
2013 5 473
2013 6 376
2013 7 346
2013 8 384
2013 9 562
2014 1 481
2014 10 451
2014 11 433
2014 12 361
2014 2 424
2014 3 331
2014 4 411
2014 5 505
2014 6 317
2014 7 352
2014 8 372
2014 9 513
2015 1 391
2015 10 284
2015 11 330
2015 12 235
2015 2 374
2015 3 372
2015 4 371
2015 5 418
2015 6 291
2015 7 299
2015 8 315
2015 9 549
2016 1 238
2016 10 249
2016 11 259
2016 12 276
2016 2 322
2016 3 265
2016 4 269
2016 5 398
2016 6 261
2016 7 251
2016 8 264
2016 9 403
2017 1 245
2017 10 253
2017 11 225
2017 12 223
2017 2 295
2017 3 252
2017 4 215
2017 5 351
2017 6 255
2017 7 227
2017 8 279
2017 9 376
2018 1 274
2018 10 254
2018 11 270
2018 12 248
2018 2 217
2018 3 212
2018 4 245
2018 5 366
2018 6 223
2018 7 216
2018 8 318
2018 9 380
