2008 1 658
2008 10 559
2008 11 332
2008 12 386
2008 2 644
2008 3 367
2008 4 445
2008 5 710
2008 6 401
2008 7 336
2008 8 336
2008 9 560
2009 1 515
2009 10 466
2009 11 490
2009 12 434
2009 2 451
2009 3 267
2009 4 316
2009 5 502
2009 6 348
2009 7 307
2009 8 372
2009 9 590
2010 1 425
2010 10 373
2010 11 452
2010 12 318
2010 2 531
2010 3 347
2010 4 447
2010 5 573
2010 6 367
2010 7 356
2010 8 346
2010 9 505
2011 1 451
2011 10 443
2011 11 511
2011 12 322
2011 2 508
2011 3 331
2011 4 351
2011 5 577
2011 6 355
2011 7 328
2011 8 428
2011 9 624
2012 1 417
2012 10 416
2012 11 416
2012 12 274
2012 2 461
2012 3 230
2012 4 316
2012 5 592
2012 6 353
2012 7 358
2012 8 393
2012 9 540
2013 1 367
2013 10 289
2013 11 281
2013 12 354
2013 2 341
2013 3 199
2013 4 183
2013 5 369
2013 6 221
2013 7 216
2013 8 258
2013 9 376
2014 1 408
2014 10 403
2014 11 351
2014 12 326
2014 2 409
2014 3 288
2014 4 319
2014 5 466
2014 6 249
2014 7 350
2014 8 397
2014 9 415
2015 1 397
2015 10 349
2015 11 356
2015 12 344
2015 2 409
2015 3 301
2015 4 265
2015 5 399
2015 6 304
2015 7 306
2015 8 397
2015 9 454
2016 1 390
2016 10 344
2016 11 322
2016 12 326
2016 2 421
2016 3 270
2016 4 318
2016 5 389
2016 6 277
2016 7 275
2016 8 283
2016 9 358
2017 1 308
2017 10 328
2017 11 306
2017 12 250
2017 2 305
2017 3 242
2017 4 249
2017 5 400
2017 6 328
2017 7 224
2017 8 286
2017 9 285
2018 1 293
2018 10 365
2018 11 262
2018 12 260
2018 2 314
2018 3 269
2018 4 218
2018 5 363
2018 6 235
2018 7 243
2018 8 313
2018 9 356
