2010 10 1
2010 11 14
2010 12 22
2010 7 1
2010 9 1
2011 1 21
2011 10 12
2011 11 25
2011 12 16
2011 2 19
2011 3 8
2011 4 17
2011 5 17
2011 6 14
2011 7 20
2011 8 21
2011 9 12
2012 1 54
2012 10 36
2012 11 40
2012 12 28
2012 2 40
2012 3 24
2012 4 33
2012 5 34
2012 6 14
2012 7 18
2012 8 26
2012 9 44
2013 1 47
2013 10 24
2013 11 21
2013 12 29
2013 2 26
2013 3 31
2013 4 31
2013 5 45
2013 6 30
2013 7 23
2013 8 31
2013 9 29
2014 1 52
2014 10 21
2014 11 23
2014 12 42
2014 2 29
2014 3 26
2014 4 31
2014 5 29
2014 6 20
2014 7 24
2014 8 33
2014 9 21
2015 1 59
2015 10 50
2015 11 38
2015 12 46
2015 2 29
2015 3 21
2015 4 29
2015 5 38
2015 6 42
2015 7 25
2015 8 52
2015 9 30
2016 1 63
2016 10 29
2016 11 37
2016 12 45
2016 2 50
2016 3 36
2016 4 37
2016 5 44
2016 6 18
2016 7 29
2016 8 28
2016 9 64
2017 1 64
2017 10 51
2017 11 43
2017 12 43
2017 2 34
2017 3 34
2017 4 25
2017 5 44
2017 6 59
2017 7 36
2017 8 54
2017 9 63
2018 1 80
2018 10 42
2018 11 46
2018 12 67
2018 2 49
2018 3 75
2018 4 52
2018 5 54
2018 6 38
2018 7 55
2018 8 72
2018 9 66
