2008 1 150
2008 10 89
2008 11 69
2008 12 77
2008 2 104
2008 3 46
2008 4 67
2008 5 106
2008 6 72
2008 7 71
2008 8 55
2008 9 128
2009 1 107
2009 10 63
2009 11 46
2009 12 62
2009 2 65
2009 3 62
2009 4 45
2009 5 67
2009 6 47
2009 7 58
2009 8 49
2009 9 110
2010 1 74
2010 10 45
2010 11 53
2010 12 50
2010 2 71
2010 3 46
2010 4 59
2010 5 54
2010 6 54
2010 7 43
2010 8 48
2010 9 72
2011 1 86
2011 10 58
2011 11 52
2011 12 43
2011 2 98
2011 3 43
2011 4 32
2011 5 58
2011 6 46
2011 7 55
2011 8 64
2011 9 110
2012 1 75
2012 10 67
2012 11 70
2012 12 32
2012 2 67
2012 3 35
2012 4 39
2012 5 65
2012 6 39
2012 7 43
2012 8 45
2012 9 90
2013 1 91
2013 10 38
2013 11 33
2013 12 41
2013 2 48
2013 3 32
2013 4 18
2013 5 39
2013 6 28
2013 7 20
2013 8 28
2013 9 44
2014 1 68
2014 10 53
2014 11 48
2014 12 58
2014 2 50
2014 3 27
2014 4 43
2014 5 58
2014 6 30
2014 7 44
2014 8 63
2014 9 56
2015 1 91
2015 10 64
2015 11 50
2015 12 58
2015 2 53
2015 3 45
2015 4 29
2015 5 66
2015 6 35
2015 7 36
2015 8 79
2015 9 62
2016 1 96
2016 10 37
2016 11 27
2016 12 47
2016 2 104
2016 3 68
2016 4 44
2016 5 54
2016 6 59
2016 7 35
2016 8 33
2016 9 82
2017 1 69
2017 10 79
2017 11 71
2017 12 58
2017 2 58
2017 3 28
2017 4 44
2017 5 44
2017 6 76
2017 7 29
2017 8 59
2017 9 59
2018 1 73
2018 10 69
2018 11 50
2018 12 50
2018 2 53
2018 3 49
2018 4 34
2018 5 68
2018 6 39
2018 7 45
2018 8 75
2018 9 93
