2008 1 20
2008 10 3
2008 11 4
2008 12 5
2008 2 8
2008 3 3
2008 4 5
2008 5 21
2008 6 10
2008 7 8
2008 8 2
2008 9 10
2009 1 2
2009 10 0
2009 11 6
2009 12 10
2009 2 2
2009 3 0
2009 4 0
2009 5 8
2009 6 1
2009 7 3
2009 8 0
2009 9 17
2010 1 11
2010 10 247
2010 11 279
2010 12 227
2010 2 8
2010 3 1
2010 4 3
2010 5 7
2010 6 8
2010 7 3
2010 8 3
2010 9 17
2011 1 314
2011 10 368
2011 11 354
2011 12 281
2011 2 330
2011 3 292
2011 4 227
2011 5 346
2011 6 240
2011 7 226
2011 8 297
2011 9 482
2012 1 290
2012 10 421
2012 11 387
2012 12 245
2012 2 282
2012 3 205
2012 4 256
2012 5 514
2012 6 323
2012 7 400
2012 8 375
2012 9 460
2013 1 274
2013 10 457
2013 11 372
2013 12 320
2013 2 372
2013 3 289
2013 4 350
2013 5 415
2013 6 342
2013 7 326
2013 8 349
2013 9 498
2014 1 435
2014 10 409
2014 11 396
2014 12 338
2014 2 393
2014 3 304
2014 4 361
2014 5 451
2014 6 288
2014 7 345
2014 8 357
2014 9 486
2015 1 370
2015 10 252
2015 11 285
2015 12 205
2015 2 351
2015 3 352
2015 4 351
2015 5 377
2015 6 264
2015 7 279
2015 8 295
2015 9 494
2016 1 208
2016 10 231
2016 11 242
2016 12 261
2016 2 302
2016 3 251
2016 4 249
2016 5 363
2016 6 237
2016 7 230
2016 8 244
2016 9 375
2017 1 233
2017 10 240
2017 11 214
2017 12 215
2017 2 273
2017 3 239
2017 4 205
2017 5 318
2017 6 244
2017 7 211
2017 8 252
2017 9 359
2018 1 262
2018 10 225
2018 11 238
2018 12 232
2018 2 208
2018 3 200
2018 4 223
2018 5 329
2018 6 207
2018 7 199
2018 8 283
2018 9 342
