2010 10 15
2010 11 122
2010 12 116
2010 6 2
2010 7 18
2010 8 0
2010 9 28
2011 1 189
2011 10 167
2011 11 155
2011 12 137
2011 2 135
2011 3 81
2011 4 132
2011 5 141
2011 6 108
2011 7 141
2011 8 173
2011 9 199
2012 1 222
2012 10 161
2012 11 221
2012 12 219
2012 2 233
2012 3 139
2012 4 240
2012 5 278
2012 6 133
2012 7 204
2012 8 232
2012 9 232
2013 1 255
2013 10 199
2013 11 195
2013 12 237
2013 2 298
2013 3 234
2013 4 265
2013 5 289
2013 6 210
2013 7 241
2013 8 216
2013 9 241
2014 1 305
2014 10 179
2014 11 201
2014 12 213
2014 2 210
2014 3 182
2014 4 261
2014 5 256
2014 6 172
2014 7 248
2014 8 229
2014 9 190
2015 1 265
2015 10 208
2015 11 194
2015 12 177
2015 2 185
2015 3 189
2015 4 193
2015 5 247
2015 6 192
2015 7 261
2015 8 223
2015 9 268
2016 1 259
2016 10 205
2016 11 266
2016 12 264
2016 2 239
2016 3 185
2016 4 256
2016 5 302
2016 6 170
2016 7 194
2016 8 250
2016 9 248
2017 1 312
2017 10 236
2017 11 197
2017 12 239
2017 2 247
2017 3 256
2017 4 205
2017 5 303
2017 6 245
2017 7 215
2017 8 234
2017 9 282
2018 1 297
2018 10 230
2018 11 275
2018 12 254
2018 2 244
2018 3 207
2018 4 214
2018 5 271
2018 6 184
2018 7 251
2018 8 244
2018 9 315
