2008 1 176
2008 10 101
2008 11 76
2008 12 92
2008 2 132
2008 3 53
2008 4 76
2008 5 125
2008 6 79
2008 7 79
2008 8 69
2008 9 140
2009 1 123
2009 10 69
2009 11 61
2009 12 82
2009 2 84
2009 3 67
2009 4 56
2009 5 89
2009 6 57
2009 7 66
2009 8 59
2009 9 131
2010 1 121
2010 10 62
2010 11 82
2010 12 99
2010 2 91
2010 3 53
2010 4 81
2010 5 68
2010 6 60
2010 7 61
2010 8 62
2010 9 89
2011 1 130
2011 10 69
2011 11 67
2011 12 55
2011 2 141
2011 3 49
2011 4 43
2011 5 84
2011 6 58
2011 7 67
2011 8 74
2011 9 133
2012 1 107
2012 10 77
2012 11 83
2012 12 44
2012 2 87
2012 3 47
2012 4 50
2012 5 85
2012 6 46
2012 7 48
2012 8 52
2012 9 112
2013 1 105
2013 10 47
2013 11 44
2013 12 54
2013 2 57
2013 3 37
2013 4 23
2013 5 46
2013 6 33
2013 7 28
2013 8 35
2013 9 63
2014 1 97
2014 10 59
2014 11 53
2014 12 79
2014 2 62
2014 3 37
2014 4 61
2014 5 83
2014 6 40
2014 7 52
2014 8 75
2014 9 83
2015 1 109
2015 10 72
2015 11 58
2015 12 75
2015 2 75
2015 3 52
2015 4 41
2015 5 89
2015 6 43
2015 7 45
2015 8 89
2015 9 77
2016 1 130
2016 10 45
2016 11 39
2016 12 62
2016 2 134
2016 3 79
2016 4 52
2016 5 75
2016 6 69
2016 7 42
2016 8 42
2016 9 91
2017 1 92
2017 10 96
2017 11 87
2017 12 64
2017 2 83
2017 3 43
2017 4 53
2017 5 62
2017 6 85
2017 7 39
2017 8 71
2017 9 80
2018 1 90
2018 10 84
2018 11 63
2018 12 66
2018 2 77
2018 3 67
2018 4 44
2018 5 85
2018 6 46
2018 7 53
2018 8 100
2018 9 112
