2010 10 2
2010 11 23
2010 12 30
2010 7 1
2010 9 1
2011 1 33
2011 10 16
2011 11 26
2011 12 18
2011 2 25
2011 3 10
2011 4 18
2011 5 19
2011 6 17
2011 7 20
2011 8 25
2011 9 20
2012 1 59
2012 10 39
2012 11 43
2012 12 34
2012 2 42
2012 3 26
2012 4 39
2012 5 37
2012 6 20
2012 7 28
2012 8 32
2012 9 50
2013 1 50
2013 10 29
2013 11 27
2013 12 38
2013 2 34
2013 3 39
2013 4 40
2013 5 49
2013 6 35
2013 7 32
2013 8 37
2013 9 41
2014 1 66
2014 10 26
2014 11 27
2014 12 51
2014 2 33
2014 3 28
2014 4 37
2014 5 35
2014 6 23
2014 7 31
2014 8 37
2014 9 24
2015 1 69
2015 10 57
2015 11 44
2015 12 50
2015 2 34
2015 3 24
2015 4 36
2015 5 49
2015 6 47
2015 7 30
2015 8 57
2015 9 35
2016 1 72
2016 10 34
2016 11 43
2016 12 61
2016 2 61
2016 3 44
2016 4 47
2016 5 55
2016 6 21
2016 7 37
2016 8 39
2016 9 94
2017 1 77
2017 10 63
2017 11 52
2017 12 50
2017 2 47
2017 3 38
2017 4 33
2017 5 51
2017 6 63
2017 7 39
2017 8 62
2017 9 73
2018 1 100
2018 10 63
2018 11 68
2018 12 86
2018 2 62
2018 3 90
2018 4 63
2018 5 72
2018 6 51
2018 7 70
2018 8 92
2018 9 90
