2008 1 735
2008 10 667
2008 11 383
2008 12 466
2008 2 742
2008 3 419
2008 4 530
2008 5 791
2008 6 466
2008 7 410
2008 8 381
2008 9 630
2009 1 589
2009 10 549
2009 11 591
2009 12 562
2009 2 520
2009 3 331
2009 4 370
2009 5 563
2009 6 401
2009 7 353
2009 8 422
2009 9 712
2010 1 526
2010 10 436
2010 11 523
2010 12 392
2010 2 630
2010 3 400
2010 4 520
2010 5 660
2010 6 417
2010 7 407
2010 8 393
2010 9 623
2011 1 537
2011 10 525
2011 11 597
2011 12 412
2011 2 600
2011 3 396
2011 4 404
2011 5 662
2011 6 412
2011 7 396
2011 8 500
2011 9 739
2012 1 512
2012 10 472
2012 11 483
2012 12 365
2012 2 541
2012 3 274
2012 4 363
2012 5 687
2012 6 394
2012 7 407
2012 8 451
2012 9 600
2013 1 479
2013 10 348
2013 11 354
2013 12 418
2013 2 432
2013 3 231
2013 4 206
2013 5 442
2013 6 277
2013 7 265
2013 8 327
2013 9 477
2014 1 521
2014 10 474
2014 11 404
2014 12 373
2014 2 471
2014 3 347
2014 4 406
2014 5 579
2014 6 314
2014 7 399
2014 8 447
2014 9 476
2015 1 464
2015 10 425
2015 11 409
2015 12 397
2015 2 481
2015 3 351
2015 4 324
2015 5 456
2015 6 344
2015 7 352
2015 8 447
2015 9 539
2016 1 433
2016 10 392
2016 11 383
2016 12 389
2016 2 477
2016 3 334
2016 4 387
2016 5 448
2016 6 333
2016 7 322
2016 8 333
2016 9 428
2017 1 387
2017 10 407
2017 11 376
2017 12 298
2017 2 381
2017 3 306
2017 4 289
2017 5 455
2017 6 384
2017 7 262
2017 8 350
2017 9 350
2018 1 338
2018 10 428
2018 11 317
2018 12 324
2018 2 376
2018 3 322
2018 4 258
2018 5 424
2018 6 278
2018 7 296
2018 8 368
2018 9 434
