2008 1 20
2008 10 3
2008 11 8
2008 12 8
2008 2 9
2008 3 6
2008 4 6
2008 5 28
2008 6 10
2008 7 8
2008 8 2
2008 9 15
2009 1 4
2009 10 0
2009 11 7
2009 12 12
2009 2 2
2009 3 1
2009 4 0
2009 5 9
2009 6 1
2009 7 3
2009 8 0
2009 9 23
2010 1 15
2010 10 292
2010 11 336
2010 12 295
2010 2 9
2010 3 2
2010 4 3
2010 5 8
2010 6 12
2010 7 4
2010 8 4
2010 9 22
2011 1 416
2011 10 477
2011 11 530
2011 12 404
2011 2 445
2011 3 358
2011 4 292
2011 5 463
2011 6 292
2011 7 308
2011 8 372
2011 9 638
2012 1 425
2012 10 554
2012 11 585
2012 12 361
2012 2 412
2012 3 258
2012 4 312
2012 5 670
2012 6 401
2012 7 468
2012 8 491
2012 9 594
2013 1 381
2013 10 580
2013 11 459
2013 12 439
2013 2 498
2013 3 379
2013 4 460
2013 5 592
2013 6 434
2013 7 382
2013 8 461
2013 9 666
2014 1 588
2014 10 533
2014 11 520
2014 12 437
2014 2 498
2014 3 386
2014 4 466
2014 5 597
2014 6 376
2014 7 403
2014 8 428
2014 9 612
2015 1 496
2015 10 367
2015 11 403
2015 12 293
2015 2 475
2015 3 429
2015 4 425
2015 5 507
2015 6 333
2015 7 343
2015 8 349
2015 9 657
2016 1 293
2016 10 293
2016 11 323
2016 12 344
2016 2 365
2016 3 300
2016 4 317
2016 5 451
2016 6 298
2016 7 280
2016 8 319
2016 9 489
2017 1 315
2017 10 309
2017 11 277
2017 12 289
2017 2 382
2017 3 304
2017 4 255
2017 5 422
2017 6 301
2017 7 280
2017 8 328
2017 9 437
2018 1 320
2018 10 289
2018 11 294
2018 12 295
2018 2 270
2018 3 256
2018 4 272
2018 5 422
2018 6 256
2018 7 250
2018 8 365
2018 9 453
