2010 10 1
2010 11 11
2010 12 15
2010 7 0
2010 9 0
2011 1 20
2011 10 12
2011 11 23
2011 12 14
2011 2 15
2011 3 8
2011 4 17
2011 5 16
2011 6 12
2011 7 17
2011 8 19
2011 9 11
2012 1 49
2012 10 28
2012 11 36
2012 12 24
2012 2 32
2012 3 20
2012 4 30
2012 5 31
2012 6 13
2012 7 14
2012 8 19
2012 9 36
2013 1 40
2013 10 18
2013 11 16
2013 12 27
2013 2 24
2013 3 23
2013 4 22
2013 5 37
2013 6 25
2013 7 20
2013 8 22
2013 9 20
2014 1 47
2014 10 19
2014 11 23
2014 12 38
2014 2 23
2014 3 23
2014 4 29
2014 5 22
2014 6 16
2014 7 22
2014 8 29
2014 9 19
2015 1 48
2015 10 43
2015 11 35
2015 12 31
2015 2 22
2015 3 18
2015 4 23
2015 5 32
2015 6 35
2015 7 20
2015 8 44
2015 9 24
2016 1 53
2016 10 17
2016 11 28
2016 12 35
2016 2 38
2016 3 30
2016 4 29
2016 5 35
2016 6 14
2016 7 24
2016 8 22
2016 9 58
2017 1 56
2017 10 43
2017 11 32
2017 12 33
2017 2 28
2017 3 21
2017 4 18
2017 5 38
2017 6 51
2017 7 29
2017 8 44
2017 9 51
2018 1 66
2018 10 36
2018 11 39
2018 12 59
2018 2 42
2018 3 64
2018 4 45
2018 5 45
2018 6 30
2018 7 47
2018 8 63
2018 9 58
