2008 1 135
2008 10 79
2008 11 58
2008 12 62
2008 2 89
2008 3 34
2008 4 56
2008 5 83
2008 6 64
2008 7 65
2008 8 46
2008 9 110
2009 1 88
2009 10 51
2009 11 43
2009 12 49
2009 2 51
2009 3 56
2009 4 39
2009 5 49
2009 6 44
2009 7 55
2009 8 44
2009 9 95
2010 1 66
2010 10 43
2010 11 46
2010 12 42
2010 2 66
2010 3 42
2010 4 48
2010 5 49
2010 6 48
2010 7 41
2010 8 42
2010 9 59
2011 1 65
2011 10 52
2011 11 43
2011 12 35
2011 2 76
2011 3 34
2011 4 27
2011 5 53
2011 6 36
2011 7 46
2011 8 56
2011 9 94
2012 1 68
2012 10 53
2012 11 57
2012 12 29
2012 2 60
2012 3 27
2012 4 31
2012 5 52
2012 6 36
2012 7 31
2012 8 35
2012 9 62
2013 1 72
2013 10 26
2013 11 28
2013 12 32
2013 2 40
2013 3 24
2013 4 15
2013 5 35
2013 6 26
2013 7 17
2013 8 24
2013 9 33
2014 1 60
2014 10 46
2014 11 44
2014 12 48
2014 2 48
2014 3 21
2014 4 38
2014 5 49
2014 6 26
2014 7 34
2014 8 54
2014 9 47
2015 1 77
2015 10 49
2015 11 37
2015 12 44
2015 2 42
2015 3 36
2015 4 19
2015 5 50
2015 6 27
2015 7 25
2015 8 71
2015 9 56
2016 1 77
2016 10 29
2016 11 23
2016 12 38
2016 2 78
2016 3 55
2016 4 38
2016 5 49
2016 6 45
2016 7 30
2016 8 29
2016 9 67
2017 1 60
2017 10 57
2017 11 57
2017 12 47
2017 2 50
2017 3 27
2017 4 40
2017 5 40
2017 6 63
2017 7 23
2017 8 48
2017 9 50
2018 1 61
2018 10 54
2018 11 42
2018 12 42
2018 2 52
2018 3 38
2018 4 28
2018 5 57
2018 6 32
2018 7 42
2018 8 57
2018 9 78
