2008 1 3
2008 10 2
2008 11 0
2008 2 2
2008 3 1
2008 5 3
2008 6 3
2008 7 2
2008 8 1
2008 9 6
2009 11 0
2009 9 3
2010 1 1
2010 10 39
2010 11 27
2010 12 19
2010 5 0
2010 6 1
2010 7 1
2010 9 0
2011 1 44
2011 10 26
2011 11 31
2011 12 31
2011 2 45
2011 3 31
2011 4 31
2011 5 47
2011 6 27
2011 7 36
2011 8 36
2011 9 42
2012 1 64
2012 10 35
2012 11 39
2012 12 21
2012 2 32
2012 3 32
2012 4 27
2012 5 43
2012 6 29
2012 7 46
2012 8 34
2012 9 60
2013 1 38
2013 10 46
2013 11 38
2013 12 38
2013 2 24
2013 3 34
2013 4 31
2013 5 32
2013 6 47
2013 7 29
2013 8 43
2013 9 77
2014 1 74
2014 10 41
2014 11 44
2014 12 52
2014 2 39
2014 3 45
2014 4 48
2014 5 38
2014 6 28
2014 7 30
2014 8 35
2014 9 51
2015 1 72
2015 10 41
2015 11 30
2015 12 46
2015 2 49
2015 3 46
2015 4 39
2015 5 53
2015 6 37
2015 7 23
2015 8 47
2015 9 60
2016 1 53
2016 10 29
2016 11 16
2016 12 41
2016 2 37
2016 3 39
2016 4 27
2016 5 44
2016 6 24
2016 7 33
2016 8 21
2016 9 62
2017 1 39
2017 10 30
2017 11 34
2017 12 47
2017 2 50
2017 3 26
2017 4 22
2017 5 40
2017 6 40
2017 7 26
2017 8 37
2017 9 73
2018 1 58
2018 10 39
2018 11 41
2018 12 52
2018 2 27
2018 3 40
2018 4 18
2018 5 30
2018 6 31
2018 7 40
2018 8 45
2018 9 56
