2008 1 569
2008 10 453
2008 11 244
2008 12 304
2008 2 540
2008 3 296
2008 4 374
2008 5 569
2008 6 324
2008 7 265
2008 8 265
2008 9 435
2009 1 420
2009 10 365
2009 11 366
2009 12 299
2009 2 348
2009 3 220
2009 4 260
2009 5 358
2009 6 268
2009 7 237
2009 8 285
2009 9 436
2010 1 315
2010 10 285
2010 11 347
2010 12 247
2010 2 411
2010 3 265
2010 4 348
2010 5 429
2010 6 305
2010 7 273
2010 8 279
2010 9 386
2011 1 364
2011 10 324
2011 11 371
2011 12 225
2011 2 394
2011 3 274
2011 4 278
2011 5 445
2011 6 282
2011 7 254
2011 8 358
2011 9 500
2012 1 312
2012 10 325
2012 11 310
2012 12 206
2012 2 328
2012 3 171
2012 4 245
2012 5 438
2012 6 274
2012 7 277
2012 8 302
2012 9 411
2013 1 263
2013 10 209
2013 11 218
2013 12 243
2013 2 267
2013 3 149
2013 4 134
2013 5 241
2013 6 152
2013 7 154
2013 8 197
2013 9 274
2014 1 283
2014 10 316
2014 11 245
2014 12 252
2014 2 313
2014 3 208
2014 4 220
2014 5 293
2014 6 183
2014 7 254
2014 8 298
2014 9 295
2015 1 296
2015 10 268
2015 11 258
2015 12 263
2015 2 311
2015 3 218
2015 4 205
2015 5 298
2015 6 239
2015 7 236
2015 8 292
2015 9 348
2016 1 286
2016 10 281
2016 11 256
2016 12 266
2016 2 319
2016 3 211
2016 4 231
2016 5 257
2016 6 203
2016 7 208
2016 8 205
2016 9 257
2017 1 225
2017 10 249
2017 11 220
2017 12 177
2017 2 222
2017 3 155
2017 4 177
2017 5 274
2017 6 243
2017 7 158
2017 8 204
2017 9 202
2018 1 231
2018 10 284
2018 11 206
2018 12 203
2018 2 248
2018 3 207
2018 4 154
2018 5 254
2018 6 174
2018 7 166
2018 8 232
2018 9 239
