2010 10 13
2010 11 91
2010 12 94
2010 6 1
2010 7 17
2010 8 0
2010 9 25
2011 1 160
2011 10 137
2011 11 126
2011 12 111
2011 2 102
2011 3 66
2011 4 101
2011 5 99
2011 6 84
2011 7 112
2011 8 134
2011 9 167
2012 1 189
2012 10 119
2012 11 158
2012 12 164
2012 2 185
2012 3 108
2012 4 183
2012 5 213
2012 6 104
2012 7 159
2012 8 175
2012 9 177
2013 1 185
2013 10 166
2013 11 158
2013 12 180
2013 2 227
2013 3 166
2013 4 219
2013 5 203
2013 6 157
2013 7 195
2013 8 171
2013 9 186
2014 1 234
2014 10 146
2014 11 172
2014 12 176
2014 2 157
2014 3 147
2014 4 218
2014 5 204
2014 6 144
2014 7 201
2014 8 180
2014 9 147
2015 1 208
2015 10 174
2015 11 143
2015 12 149
2015 2 153
2015 3 145
2015 4 151
2015 5 199
2015 6 154
2015 7 220
2015 8 189
2015 9 218
2016 1 210
2016 10 175
2016 11 216
2016 12 220
2016 2 200
2016 3 139
2016 4 201
2016 5 246
2016 6 137
2016 7 153
2016 8 207
2016 9 209
2017 1 252
2017 10 170
2017 11 140
2017 12 177
2017 2 212
2017 3 213
2017 4 155
2017 5 222
2017 6 195
2017 7 158
2017 8 181
2017 9 199
2018 1 215
2018 10 172
2018 11 221
2018 12 222
2018 2 187
2018 3 163
2018 4 178
2018 5 220
2018 6 143
2018 7 215
2018 8 206
2018 9 265
