2008 1 14
2008 10 2
2008 11 4
2008 12 4
2008 2 7
2008 3 3
2008 4 3
2008 5 20
2008 6 10
2008 7 5
2008 8 2
2008 9 10
2009 1 1
2009 10 0
2009 11 5
2009 12 7
2009 2 2
2009 3 0
2009 4 0
2009 5 7
2009 6 0
2009 7 2
2009 8 0
2009 9 15
2010 1 7
2010 10 211
2010 11 219
2010 12 189
2010 2 8
2010 3 1
2010 4 3
2010 5 6
2010 6 6
2010 7 2
2010 8 3
2010 9 10
2011 1 268
2011 10 312
2011 11 279
2011 12 242
2011 2 263
2011 3 244
2011 4 175
2011 5 288
2011 6 188
2011 7 181
2011 8 251
2011 9 415
2012 1 236
2012 10 340
2012 11 317
2012 12 212
2012 2 233
2012 3 163
2012 4 202
2012 5 427
2012 6 274
2012 7 342
2012 8 310
2012 9 388
2013 1 237
2013 10 370
2013 11 281
2013 12 242
2013 2 309
2013 3 205
2013 4 286
2013 5 336
2013 6 239
2013 7 259
2013 8 289
2013 9 400
2014 1 349
2014 10 304
2014 11 292
2014 12 263
2014 2 313
2014 3 236
2014 4 288
2014 5 349
2014 6 230
2014 7 293
2014 8 296
2014 9 382
2015 1 313
2015 10 203
2015 11 231
2015 12 187
2015 2 291
2015 3 285
2015 4 274
2015 5 288
2015 6 218
2015 7 225
2015 8 260
2015 9 402
2016 1 178
2016 10 201
2016 11 190
2016 12 214
2016 2 247
2016 3 177
2016 4 184
2016 5 258
2016 6 180
2016 7 184
2016 8 190
2016 9 312
2017 1 191
2017 10 193
2017 11 179
2017 12 196
2017 2 221
2017 3 177
2017 4 171
2017 5 270
2017 6 205
2017 7 186
2017 8 217
2017 9 309
2018 1 226
2018 10 191
2018 11 211
2018 12 190
2018 2 176
2018 3 168
2018 4 175
2018 5 262
2018 6 175
2018 7 159
2018 8 238
2018 9 270
