2010 10 15
2010 11 110
2010 12 108
2010 6 1
2010 7 17
2010 8 0
2010 9 26
2011 1 177
2011 10 157
2011 11 142
2011 12 130
2011 2 123
2011 3 72
2011 4 122
2011 5 122
2011 6 102
2011 7 127
2011 8 154
2011 9 186
2012 1 209
2012 10 144
2012 11 198
2012 12 205
2012 2 206
2012 3 130
2012 4 218
2012 5 252
2012 6 123
2012 7 174
2012 8 214
2012 9 212
2013 1 223
2013 10 185
2013 11 186
2013 12 220
2013 2 278
2013 3 201
2013 4 247
2013 5 259
2013 6 190
2013 7 216
2013 8 196
2013 9 210
2014 1 288
2014 10 156
2014 11 195
2014 12 197
2014 2 194
2014 3 169
2014 4 239
2014 5 238
2014 6 155
2014 7 223
2014 8 199
2014 9 168
2015 1 240
2015 10 195
2015 11 175
2015 12 171
2015 2 174
2015 3 175
2015 4 177
2015 5 230
2015 6 173
2015 7 246
2015 8 212
2015 9 251
2016 1 244
2016 10 193
2016 11 251
2016 12 249
2016 2 225
2016 3 170
2016 4 239
2016 5 284
2016 6 162
2016 7 180
2016 8 233
2016 9 229
2017 1 294
2017 10 213
2017 11 184
2017 12 226
2017 2 239
2017 3 235
2017 4 188
2017 5 282
2017 6 221
2017 7 190
2017 8 214
2017 9 255
2018 1 280
2018 10 202
2018 11 254
2018 12 245
2018 2 229
2018 3 186
2018 4 193
2018 5 246
2018 6 170
2018 7 233
2018 8 223
2018 9 292
