2008 1 808
2008 10 712
2008 11 410
2008 12 480
2008 2 819
2008 3 443
2008 4 556
2008 5 842
2008 6 510
2008 7 440
2008 8 423
2008 9 679
2009 1 620
2009 10 569
2009 11 635
2009 12 600
2009 2 549
2009 3 351
2009 4 404
2009 5 605
2009 6 424
2009 7 377
2009 8 458
2009 9 754
2010 1 559
2010 10 474
2010 11 559
2010 12 421
2010 2 668
2010 3 429
2010 4 555
2010 5 690
2010 6 454
2010 7 428
2010 8 420
2010 9 648
2011 1 557
2011 10 577
2011 11 649
2011 12 454
2011 2 635
2011 3 416
2011 4 432
2011 5 705
2011 6 446
2011 7 433
2011 8 537
2011 9 790
2012 1 576
2012 10 528
2012 11 557
2012 12 440
2012 2 602
2012 3 302
2012 4 399
2012 5 729
2012 6 426
2012 7 463
2012 8 487
2012 9 683
2013 1 584
2013 10 414
2013 11 407
2013 12 484
2013 2 498
2013 3 261
2013 4 223
2013 5 475
2013 6 298
2013 7 292
2013 8 370
2013 9 520
2014 1 607
2014 10 504
2014 11 451
2014 12 449
2014 2 537
2014 3 406
2014 4 444
2014 5 621
2014 6 356
2014 7 441
2014 8 488
2014 9 529
2015 1 581
2015 10 456
2015 11 447
2015 12 455
2015 2 574
2015 3 387
2015 4 353
2015 5 500
2015 6 360
2015 7 386
2015 8 468
2015 9 568
2016 1 520
2016 10 413
2016 11 414
2016 12 433
2016 2 537
2016 3 383
2016 4 420
2016 5 480
2016 6 371
2016 7 339
2016 8 355
2016 9 460
2017 1 419
2017 10 435
2017 11 407
2017 12 331
2017 2 404
2017 3 329
2017 4 325
2017 5 499
2017 6 416
2017 7 291
2017 8 380
2017 9 380
2018 1 378
2018 10 468
2018 11 375
2018 12 385
2018 2 412
2018 3 361
2018 4 288
2018 5 467
2018 6 303
2018 7 322
2018 8 416
2018 9 483
