2010 10 31
2010 11 183
2010 12 179
2010 6 2
2010 7 21
2010 8 2
2010 9 56
2011 1 274
2011 10 228
2011 11 222
2011 12 194
2011 2 217
2011 3 122
2011 4 185
2011 5 210
2011 6 173
2011 7 188
2011 8 248
2011 9 281
2012 1 336
2012 10 240
2012 11 308
2012 12 313
2012 2 346
2012 3 192
2012 4 326
2012 5 368
2012 6 196
2012 7 293
2012 8 315
2012 9 325
2013 1 367
2013 10 313
2013 11 289
2013 12 362
2013 2 430
2013 3 318
2013 4 361
2013 5 394
2013 6 299
2013 7 332
2013 8 307
2013 9 343
2014 1 476
2014 10 239
2014 11 281
2014 12 309
2014 2 316
2014 3 306
2014 4 354
2014 5 357
2014 6 273
2014 7 343
2014 8 320
2014 9 267
2015 1 402
2015 10 301
2015 11 289
2015 12 285
2015 2 298
2015 3 255
2015 4 296
2015 5 347
2015 6 274
2015 7 342
2015 8 300
2015 9 373
2016 1 386
2016 10 301
2016 11 376
2016 12 371
2016 2 341
2016 3 293
2016 4 372
2016 5 416
2016 6 235
2016 7 275
2016 8 358
2016 9 396
2017 1 487
2017 10 346
2017 11 315
2017 12 350
2017 2 390
2017 3 410
2017 4 280
2017 5 433
2017 6 331
2017 7 318
2017 8 327
2017 9 408
2018 1 387
2018 10 330
2018 11 366
2018 12 349
2018 2 326
2018 3 281
2018 4 295
2018 5 356
2018 6 261
2018 7 326
2018 8 319
2018 9 415
