2010 10 2
2010 11 20
2010 12 27
2010 7 1
2010 9 1
2011 1 30
2011 10 16
2011 11 26
2011 12 17
2011 2 24
2011 3 8
2011 4 18
2011 5 18
2011 6 15
2011 7 20
2011 8 25
2011 9 18
2012 1 56
2012 10 39
2012 11 42
2012 12 32
2012 2 41
2012 3 25
2012 4 34
2012 5 36
2012 6 17
2012 7 27
2012 8 31
2012 9 49
2013 1 49
2013 10 29
2013 11 26
2013 12 33
2013 2 32
2013 3 35
2013 4 37
2013 5 47
2013 6 32
2013 7 29
2013 8 35
2013 9 38
2014 1 59
2014 10 23
2014 11 25
2014 12 46
2014 2 31
2014 3 27
2014 4 35
2014 5 32
2014 6 22
2014 7 28
2014 8 34
2014 9 22
2015 1 67
2015 10 54
2015 11 41
2015 12 49
2015 2 33
2015 3 23
2015 4 35
2015 5 47
2015 6 44
2015 7 27
2015 8 57
2015 9 33
2016 1 69
2016 10 33
2016 11 42
2016 12 58
2016 2 56
2016 3 42
2016 4 44
2016 5 54
2016 6 20
2016 7 34
2016 8 36
2016 9 86
2017 1 76
2017 10 58
2017 11 48
2017 12 48
2017 2 43
2017 3 37
2017 4 32
2017 5 48
2017 6 62
2017 7 36
2017 8 58
2017 9 68
2018 1 86
2018 10 58
2018 11 63
2018 12 81
2018 2 54
2018 3 83
2018 4 60
2018 5 60
2018 6 44
2018 7 59
2018 8 85
2018 9 84
