2008 1 679
2008 10 612
2008 11 357
2008 12 420
2008 2 678
2008 3 391
2008 4 481
2008 5 753
2008 6 432
2008 7 368
2008 8 360
2008 9 590
2009 1 546
2009 10 498
2009 11 521
2009 12 460
2009 2 473
2009 3 292
2009 4 337
2009 5 525
2009 6 374
2009 7 326
2009 8 387
2009 9 628
2010 1 447
2010 10 411
2010 11 490
2010 12 358
2010 2 559
2010 3 362
2010 4 482
2010 5 607
2010 6 391
2010 7 383
2010 8 370
2010 9 584
2011 1 508
2011 10 475
2011 11 539
2011 12 350
2011 2 566
2011 3 357
2011 4 375
2011 5 625
2011 6 384
2011 7 366
2011 8 462
2011 9 673
2012 1 458
2012 10 442
2012 11 449
2012 12 318
2012 2 491
2012 3 246
2012 4 333
2012 5 627
2012 6 364
2012 7 375
2012 8 415
2012 9 567
2013 1 411
2013 10 307
2013 11 299
2013 12 374
2013 2 376
2013 3 216
2013 4 195
2013 5 394
2013 6 245
2013 7 239
2013 8 285
2013 9 425
2014 1 455
2014 10 443
2014 11 375
2014 12 351
2014 2 434
2014 3 315
2014 4 359
2014 5 520
2014 6 280
2014 7 363
2014 8 419
2014 9 439
2015 1 436
2015 10 384
2015 11 386
2015 12 372
2015 2 455
2015 3 327
2015 4 294
2015 5 431
2015 6 322
2015 7 335
2015 8 426
2015 9 503
2016 1 405
2016 10 369
2016 11 355
2016 12 366
2016 2 453
2016 3 294
2016 4 362
2016 5 417
2016 6 313
2016 7 299
2016 8 308
2016 9 404
2017 1 364
2017 10 367
2017 11 326
2017 12 275
2017 2 355
2017 3 278
2017 4 273
2017 5 428
2017 6 364
2017 7 242
2017 8 323
2017 9 329
2018 1 317
2018 10 401
2018 11 296
2018 12 302
2018 2 342
2018 3 300
2018 4 243
2018 5 391
2018 6 262
2018 7 274
2018 8 346
2018 9 384
