2010 10 2
2010 11 19
2010 12 27
2010 7 1
2010 9 1
2011 1 30
2011 10 15
2011 11 26
2011 12 17
2011 2 24
2011 3 8
2011 4 17
2011 5 17
2011 6 15
2011 7 20
2011 8 22
2011 9 18
2012 1 56
2012 10 37
2012 11 41
2012 12 31
2012 2 41
2012 3 24
2012 4 34
2012 5 35
2012 6 14
2012 7 20
2012 8 27
2012 9 46
2013 1 47
2013 10 27
2013 11 25
2013 12 33
2013 2 28
2013 3 32
2013 4 33
2013 5 46
2013 6 31
2013 7 28
2013 8 35
2013 9 37
2014 1 55
2014 10 21
2014 11 23
2014 12 44
2014 2 30
2014 3 27
2014 4 31
2014 5 31
2014 6 21
2014 7 25
2014 8 33
2014 9 21
2015 1 64
2015 10 52
2015 11 38
2015 12 48
2015 2 32
2015 3 21
2015 4 30
2015 5 42
2015 6 44
2015 7 27
2015 8 55
2015 9 31
2016 1 65
2016 10 29
2016 11 37
2016 12 47
2016 2 52
2016 3 37
2016 4 38
2016 5 47
2016 6 20
2016 7 29
2016 8 29
2016 9 65
2017 1 68
2017 10 54
2017 11 44
2017 12 45
2017 2 36
2017 3 35
2017 4 25
2017 5 46
2017 6 60
2017 7 36
2017 8 55
2017 9 68
2018 1 84
2018 10 51
2018 11 52
2018 12 73
2018 2 50
2018 3 78
2018 4 55
2018 5 55
2018 6 38
2018 7 58
2018 8 79
2018 9 77
