2008 1 162
2008 10 90
2008 11 70
2008 12 81
2008 2 112
2008 3 51
2008 4 70
2008 5 111
2008 6 74
2008 7 71
2008 8 55
2008 9 129
2009 1 113
2009 10 64
2009 11 48
2009 12 64
2009 2 73
2009 3 63
2009 4 48
2009 5 74
2009 6 48
2009 7 59
2009 8 54
2009 9 117
2010 1 80
2010 10 46
2010 11 56
2010 12 55
2010 2 76
2010 3 48
2010 4 69
2010 5 60
2010 6 54
2010 7 48
2010 8 51
2010 9 75
2011 1 87
2011 10 61
2011 11 61
2011 12 46
2011 2 103
2011 3 45
2011 4 37
2011 5 71
2011 6 50
2011 7 62
2011 8 68
2011 9 121
2012 1 83
2012 10 73
2012 11 75
2012 12 41
2012 2 74
2012 3 41
2012 4 43
2012 5 71
2012 6 40
2012 7 45
2012 8 48
2012 9 104
2013 1 93
2013 10 38
2013 11 33
2013 12 42
2013 2 49
2013 3 33
2013 4 19
2013 5 39
2013 6 28
2013 7 20
2013 8 29
2013 9 45
2014 1 74
2014 10 53
2014 11 51
2014 12 62
2014 2 51
2014 3 30
2014 4 48
2014 5 60
2014 6 32
2014 7 47
2014 8 67
2014 9 66
2015 1 93
2015 10 68
2015 11 50
2015 12 60
2015 2 57
2015 3 47
2015 4 34
2015 5 76
2015 6 38
2015 7 36
2015 8 80
2015 9 65
2016 1 104
2016 10 38
2016 11 30
2016 12 56
2016 2 115
2016 3 69
2016 4 47
2016 5 66
2016 6 63
2016 7 38
2016 8 38
2016 9 85
2017 1 81
2017 10 81
2017 11 74
2017 12 60
2017 2 69
2017 3 29
2017 4 49
2017 5 50
2017 6 79
2017 7 34
2017 8 61
2017 9 64
2018 1 76
2018 10 71
2018 11 52
2018 12 53
2018 2 57
2018 3 50
2018 4 36
2018 5 71
2018 6 40
2018 7 45
2018 8 81
2018 9 93
