2010 10 19
2010 11 135
2010 12 126
2010 6 2
2010 7 18
2010 8 1
2010 9 34
2011 1 208
2011 10 180
2011 11 168
2011 12 148
2011 2 150
2011 3 93
2011 4 149
2011 5 148
2011 6 125
2011 7 152
2011 8 188
2011 9 216
2012 1 247
2012 10 177
2012 11 238
2012 12 226
2012 2 251
2012 3 149
2012 4 253
2012 5 289
2012 6 142
2012 7 222
2012 8 240
2012 9 246
2013 1 264
2013 10 218
2013 11 208
2013 12 257
2013 2 319
2013 3 263
2013 4 292
2013 5 317
2013 6 236
2013 7 258
2013 8 235
2013 9 255
2014 1 321
2014 10 193
2014 11 215
2014 12 227
2014 2 222
2014 3 200
2014 4 285
2014 5 276
2014 6 203
2014 7 275
2014 8 255
2014 9 210
2015 1 287
2015 10 225
2015 11 216
2015 12 201
2015 2 206
2015 3 204
2015 4 212
2015 5 273
2015 6 204
2015 7 275
2015 8 239
2015 9 287
2016 1 287
2016 10 223
2016 11 285
2016 12 281
2016 2 259
2016 3 210
2016 4 283
2016 5 335
2016 6 182
2016 7 210
2016 8 270
2016 9 278
2017 1 360
2017 10 264
2017 11 216
2017 12 260
2017 2 299
2017 3 306
2017 4 223
2017 5 341
2017 6 270
2017 7 234
2017 8 258
2017 9 308
2018 1 323
2018 10 243
2018 11 286
2018 12 265
2018 2 256
2018 3 222
2018 4 235
2018 5 296
2018 6 202
2018 7 266
2018 8 250
2018 9 330
