2008 1 4
2008 10 2
2008 11 0
2008 2 2
2008 3 1
2008 5 6
2008 6 3
2008 7 2
2008 8 2
2008 9 6
2009 11 0
2009 9 3
2010 1 1
2010 10 54
2010 11 48
2010 12 46
2010 5 0
2010 6 2
2010 7 1
2010 9 2
2011 1 72
2011 10 33
2011 11 40
2011 12 45
2011 2 74
2011 3 46
2011 4 45
2011 5 70
2011 6 41
2011 7 55
2011 8 51
2011 9 69
2012 1 78
2012 10 50
2012 11 57
2012 12 34
2012 2 46
2012 3 39
2012 4 41
2012 5 57
2012 6 46
2012 7 69
2012 8 53
2012 9 91
2013 1 58
2013 10 67
2013 11 53
2013 12 55
2013 2 36
2013 3 52
2013 4 47
2013 5 53
2013 6 65
2013 7 46
2013 8 55
2013 9 108
2014 1 98
2014 10 62
2014 11 59
2014 12 75
2014 2 54
2014 3 68
2014 4 66
2014 5 65
2014 6 56
2014 7 49
2014 8 49
2014 9 84
2015 1 111
2015 10 59
2015 11 47
2015 12 64
2015 2 78
2015 3 59
2015 4 62
2015 5 83
2015 6 69
2015 7 31
2015 8 65
2015 9 87
2016 1 71
2016 10 37
2016 11 33
2016 12 66
2016 2 63
2016 3 51
2016 4 49
2016 5 82
2016 6 42
2016 7 49
2016 8 39
2016 9 87
2017 1 51
2017 10 63
2017 11 59
2017 12 75
2017 2 81
2017 3 39
2017 4 42
2017 5 72
2017 6 70
2017 7 38
2017 8 54
2017 9 103
2018 1 98
2018 10 64
2018 11 61
2018 12 79
2018 2 56
2018 3 59
2018 4 43
2018 5 69
2018 6 51
2018 7 61
2018 8 69
2018 9 86
