2010 10 29
2010 11 161
2010 12 156
2010 6 2
2010 7 20
2010 8 2
2010 9 46
2011 1 251
2011 10 214
2011 11 215
2011 12 182
2011 2 191
2011 3 109
2011 4 176
2011 5 192
2011 6 156
2011 7 174
2011 8 228
2011 9 257
2012 1 314
2012 10 220
2012 11 284
2012 12 293
2012 2 322
2012 3 175
2012 4 301
2012 5 348
2012 6 170
2012 7 268
2012 8 288
2012 9 307
2013 1 332
2013 10 276
2013 11 272
2013 12 337
2013 2 403
2013 3 301
2013 4 340
2013 5 373
2013 6 277
2013 7 312
2013 8 281
2013 9 321
2014 1 417
2014 10 217
2014 11 256
2014 12 273
2014 2 272
2014 3 253
2014 4 325
2014 5 329
2014 6 254
2014 7 324
2014 8 287
2014 9 243
2015 1 339
2015 10 276
2015 11 270
2015 12 253
2015 2 247
2015 3 233
2015 4 274
2015 5 323
2015 6 258
2015 7 324
2015 8 281
2015 9 355
2016 1 331
2016 10 271
2016 11 335
2016 12 326
2016 2 301
2016 3 272
2016 4 342
2016 5 384
2016 6 217
2016 7 255
2016 8 322
2016 9 343
2017 1 420
2017 10 317
2017 11 290
2017 12 323
2017 2 331
2017 3 376
2017 4 257
2017 5 395
2017 6 311
2017 7 284
2017 8 305
2017 9 377
2018 1 360
2018 10 296
2018 11 329
2018 12 300
2018 2 296
2018 3 256
2018 4 263
2018 5 325
2018 6 238
2018 7 297
2018 8 280
2018 9 377
