2008 1 3
2008 10 2
2008 11 0
2008 2 2
2008 3 1
2008 5 6
2008 6 3
2008 7 2
2008 8 1
2008 9 6
2009 11 0
2009 9 3
2010 1 1
2010 10 42
2010 11 29
2010 12 20
2010 5 0
2010 6 1
2010 7 1
2010 9 1
2011 1 49
2011 10 30
2011 11 35
2011 12 34
2011 2 49
2011 3 35
2011 4 41
2011 5 64
2011 6 31
2011 7 47
2011 8 45
2011 9 56
2012 1 73
2012 10 42
2012 11 45
2012 12 28
2012 2 43
2012 3 33
2012 4 31
2012 5 52
2012 6 36
2012 7 56
2012 8 43
2012 9 76
2013 1 51
2013 10 56
2013 11 45
2013 12 44
2013 2 28
2013 3 40
2013 4 37
2013 5 44
2013 6 54
2013 7 37
2013 8 50
2013 9 90
2014 1 80
2014 10 48
2014 11 46
2014 12 60
2014 2 43
2014 3 55
2014 4 55
2014 5 54
2014 6 34
2014 7 39
2014 8 42
2014 9 66
2015 1 100
2015 10 45
2015 11 34
2015 12 54
2015 2 66
2015 3 49
2015 4 50
2015 5 66
2015 6 51
2015 7 28
2015 8 55
2015 9 77
2016 1 62
2016 10 33
2016 11 22
2016 12 49
2016 2 51
2016 3 46
2016 4 37
2016 5 57
2016 6 28
2016 7 43
2016 8 31
2016 9 74
2017 1 45
2017 10 49
2017 11 45
2017 12 51
2017 2 57
2017 3 32
2017 4 28
2017 5 50
2017 6 42
2017 7 32
2017 8 44
2017 9 88
2018 1 69
2018 10 46
2018 11 50
2018 12 63
2018 2 41
2018 3 45
2018 4 26
2018 5 51
2018 6 40
2018 7 48
2018 8 54
2018 9 67
