2008 1 622
2008 10 526
2008 11 305
2008 12 362
2008 2 608
2008 3 336
2008 4 424
2008 5 672
2008 6 373
2008 7 317
2008 8 322
2008 9 540
2009 1 486
2009 10 430
2009 11 441
2009 12 388
2009 2 423
2009 3 252
2009 4 304
2009 5 451
2009 6 314
2009 7 281
2009 8 346
2009 9 549
2010 1 389
2010 10 348
2010 11 420
2010 12 297
2010 2 496
2010 3 323
2010 4 426
2010 5 531
2010 6 347
2010 7 335
2010 8 328
2010 9 476
2011 1 435
2011 10 407
2011 11 454
2011 12 283
2011 2 469
2011 3 316
2011 4 323
2011 5 519
2011 6 328
2011 7 303
2011 8 408
2011 9 590
2012 1 383
2012 10 389
2012 11 380
2012 12 254
2012 2 424
2012 3 213
2012 4 297
2012 5 565
2012 6 334
2012 7 328
2012 8 359
2012 9 517
2013 1 344
2013 10 274
2013 11 266
2013 12 326
2013 2 315
2013 3 180
2013 4 164
2013 5 338
2013 6 197
2013 7 196
2013 8 230
2013 9 353
2014 1 371
2014 10 384
2014 11 318
2014 12 300
2014 2 388
2014 3 271
2014 4 291
2014 5 418
2014 6 228
2014 7 332
2014 8 379
2014 9 401
2015 1 367
2015 10 323
2015 11 337
2015 12 324
2015 2 381
2015 3 276
2015 4 260
2015 5 379
2015 6 283
2015 7 288
2015 8 373
2015 9 430
2016 1 377
2016 10 330
2016 11 300
2016 12 306
2016 2 396
2016 3 253
2016 4 291
2016 5 354
2016 6 248
2016 7 250
2016 8 265
2016 9 327
2017 1 293
2017 10 304
2017 11 278
2017 12 238
2017 2 278
2017 3 226
2017 4 234
2017 5 379
2017 6 307
2017 7 191
2017 8 270
2017 9 265
2018 1 275
2018 10 340
2018 11 242
2018 12 242
2018 2 291
2018 3 256
2018 4 203
2018 5 338
2018 6 215
2018 7 222
2018 8 291
2018 9 323
