2008 1 3
2008 10 2
2008 11 0
2008 2 2
2008 3 1
2008 5 3
2008 6 3
2008 7 2
2008 8 1
2008 9 6
2009 11 0
2009 9 3
2010 1 1
2010 10 38
2010 11 27
2010 12 17
2010 5 0
2010 6 0
2010 7 1
2010 9 0
2011 1 41
2011 10 26
2011 11 29
2011 12 30
2011 2 35
2011 3 30
2011 4 29
2011 5 42
2011 6 27
2011 7 34
2011 8 36
2011 9 41
2012 1 64
2012 10 35
2012 11 38
2012 12 21
2012 2 31
2012 3 31
2012 4 27
2012 5 40
2012 6 28
2012 7 45
2012 8 31
2012 9 60
2013 1 36
2013 10 45
2013 11 36
2013 12 38
2013 2 23
2013 3 34
2013 4 30
2013 5 30
2013 6 46
2013 7 29
2013 8 41
2013 9 75
2014 1 73
2014 10 35
2014 11 33
2014 12 47
2014 2 38
2014 3 43
2014 4 42
2014 5 37
2014 6 26
2014 7 26
2014 8 33
2014 9 47
2015 1 64
2015 10 40
2015 11 30
2015 12 45
2015 2 45
2015 3 44
2015 4 37
2015 5 49
2015 6 33
2015 7 22
2015 8 44
2015 9 58
2016 1 48
2016 10 28
2016 11 15
2016 12 39
2016 2 35
2016 3 38
2016 4 26
2016 5 43
2016 6 22
2016 7 27
2016 8 21
2016 9 62
2017 1 39
2017 10 29
2017 11 30
2017 12 46
2017 2 49
2017 3 26
2017 4 20
2017 5 33
2017 6 40
2017 7 25
2017 8 37
2017 9 70
2018 1 54
2018 10 37
2018 11 40
2018 12 50
2018 2 26
2018 3 38
2018 4 17
2018 5 28
2018 6 28
2018 7 39
2018 8 41
2018 9 56
