2008 1 130
2008 10 75
2008 11 56
2008 12 59
2008 2 87
2008 3 33
2008 4 53
2008 5 77
2008 6 63
2008 7 64
2008 8 43
2008 9 107
2009 1 81
2009 10 45
2009 11 34
2009 12 48
2009 2 49
2009 3 56
2009 4 37
2009 5 46
2009 6 43
2009 7 50
2009 8 38
2009 9 82
2010 1 62
2010 10 38
2010 11 42
2010 12 36
2010 2 65
2010 3 41
2010 4 48
2010 5 46
2010 6 48
2010 7 36
2010 8 40
2010 9 49
2011 1 59
2011 10 48
2011 11 42
2011 12 33
2011 2 68
2011 3 33
2011 4 25
2011 5 48
2011 6 34
2011 7 44
2011 8 56
2011 9 90
2012 1 64
2012 10 51
2012 11 52
2012 12 27
2012 2 55
2012 3 22
2012 4 29
2012 5 49
2012 6 35
2012 7 30
2012 8 34
2012 9 59
2013 1 69
2013 10 25
2013 11 28
2013 12 31
2013 2 40
2013 3 24
2013 4 15
2013 5 32
2013 6 26
2013 7 16
2013 8 24
2013 9 32
2014 1 60
2014 10 44
2014 11 43
2014 12 44
2014 2 46
2014 3 21
2014 4 34
2014 5 40
2014 6 24
2014 7 31
2014 8 50
2014 9 44
2015 1 70
2015 10 44
2015 11 37
2015 12 38
2015 2 37
2015 3 32
2015 4 19
2015 5 49
2015 6 26
2015 7 23
2015 8 67
2015 9 54
2016 1 75
2016 10 29
2016 11 22
2016 12 35
2016 2 70
2016 3 50
2016 4 32
2016 5 44
2016 6 38
2016 7 30
2016 8 27
2016 9 62
2017 1 56
2017 10 52
2017 11 55
2017 12 46
2017 2 48
2017 3 24
2017 4 34
2017 5 34
2017 6 58
2017 7 21
2017 8 44
2017 9 47
2018 1 59
2018 10 52
2018 11 42
2018 12 40
2018 2 51
2018 3 35
2018 4 25
2018 5 56
2018 6 29
2018 7 38
2018 8 53
2018 9 73
