2008 1 13
2008 10 2
2008 11 3
2008 12 4
2008 2 7
2008 3 3
2008 4 3
2008 5 19
2008 6 10
2008 7 5
2008 8 2
2008 9 10
2009 1 1
2009 10 0
2009 11 5
2009 12 7
2009 2 1
2009 3 0
2009 4 0
2009 5 7
2009 6 0
2009 7 2
2009 8 0
2009 9 14
2010 1 6
2010 10 193
2010 11 205
2010 12 180
2010 2 8
2010 3 1
2010 4 2
2010 5 6
2010 6 5
2010 7 2
2010 8 2
2010 9 9
2011 1 248
2011 10 290
2011 11 268
2011 12 215
2011 2 250
2011 3 232
2011 4 168
2011 5 280
2011 6 177
2011 7 171
2011 8 227
2011 9 381
2012 1 225
2012 10 332
2012 11 304
2012 12 205
2012 2 226
2012 3 155
2012 4 191
2012 5 411
2012 6 253
2012 7 303
2012 8 297
2012 9 377
2013 1 228
2013 10 332
2013 11 260
2013 12 234
2013 2 300
2013 3 195
2013 4 264
2013 5 316
2013 6 224
2013 7 245
2013 8 263
2013 9 376
2014 1 326
2014 10 279
2014 11 285
2014 12 228
2014 2 295
2014 3 219
2014 4 266
2014 5 312
2014 6 209
2014 7 266
2014 8 266
2014 9 344
2015 1 283
2015 10 193
2015 11 217
2015 12 175
2015 2 282
2015 3 274
2015 4 261
2015 5 279
2015 6 205
2015 7 206
2015 8 227
2015 9 373
2016 1 169
2016 10 193
2016 11 184
2016 12 207
2016 2 235
2016 3 168
2016 4 175
2016 5 249
2016 6 175
2016 7 177
2016 8 179
2016 9 293
2017 1 178
2017 10 179
2017 11 164
2017 12 191
2017 2 206
2017 3 160
2017 4 157
2017 5 243
2017 6 187
2017 7 162
2017 8 197
2017 9 299
2018 1 218
2018 10 178
2018 11 198
2018 12 175
2018 2 165
2018 3 155
2018 4 165
2018 5 251
2018 6 165
2018 7 149
2018 8 227
2018 9 262
