2008 1 533
2008 10 428
2008 11 223
2008 12 283
2008 2 502
2008 3 280
2008 4 339
2008 5 527
2008 6 297
2008 7 243
2008 8 245
2008 9 412
2009 1 401
2009 10 340
2009 11 341
2009 12 288
2009 2 335
2009 3 209
2009 4 244
2009 5 332
2009 6 241
2009 7 227
2009 8 273
2009 9 417
2010 1 305
2010 10 270
2010 11 318
2010 12 240
2010 2 397
2010 3 255
2010 4 321
2010 5 392
2010 6 289
2010 7 258
2010 8 256
2010 9 364
2011 1 344
2011 10 309
2011 11 361
2011 12 214
2011 2 370
2011 3 261
2011 4 259
2011 5 419
2011 6 263
2011 7 244
2011 8 344
2011 9 462
2012 1 299
2012 10 304
2012 11 289
2012 12 202
2012 2 309
2012 3 164
2012 4 224
2012 5 391
2012 6 250
2012 7 265
2012 8 275
2012 9 377
2013 1 251
2013 10 193
2013 11 208
2013 12 222
2013 2 250
2013 3 145
2013 4 127
2013 5 232
2013 6 141
2013 7 146
2013 8 182
2013 9 258
2014 1 268
2014 10 300
2014 11 234
2014 12 244
2014 2 297
2014 3 194
2014 4 209
2014 5 270
2014 6 175
2014 7 238
2014 8 285
2014 9 276
2015 1 282
2015 10 250
2015 11 239
2015 12 246
2015 2 301
2015 3 208
2015 4 186
2015 5 271
2015 6 222
2015 7 223
2015 8 268
2015 9 322
2016 1 268
2016 10 262
2016 11 244
2016 12 252
2016 2 296
2016 3 200
2016 4 217
2016 5 241
2016 6 191
2016 7 199
2016 8 194
2016 9 237
2017 1 218
2017 10 236
2017 11 205
2017 12 170
2017 2 218
2017 3 149
2017 4 164
2017 5 243
2017 6 227
2017 7 144
2017 8 186
2017 9 191
2018 1 221
2018 10 273
2018 11 186
2018 12 187
2018 2 236
2018 3 194
2018 4 143
2018 5 230
2018 6 167
2018 7 154
2018 8 222
2018 9 229
