2008 1 4
2008 10 2
2008 11 0
2008 2 2
2008 3 1
2008 5 6
2008 6 3
2008 7 2
2008 8 2
2008 9 6
2009 11 0
2009 9 3
2010 1 1
2010 10 50
2010 11 40
2010 12 38
2010 5 0
2010 6 2
2010 7 1
2010 9 1
2011 1 60
2011 10 32
2011 11 38
2011 12 36
2011 2 58
2011 3 41
2011 4 43
2011 5 68
2011 6 39
2011 7 47
2011 8 49
2011 9 60
2012 1 73
2012 10 50
2012 11 56
2012 12 33
2012 2 46
2012 3 37
2012 4 35
2012 5 54
2012 6 41
2012 7 61
2012 8 50
2012 9 90
2013 1 57
2013 10 62
2013 11 47
2013 12 46
2013 2 33
2013 3 50
2013 4 42
2013 5 46
2013 6 58
2013 7 40
2013 8 50
2013 9 96
2014 1 97
2014 10 54
2014 11 52
2014 12 70
2014 2 50
2014 3 61
2014 4 56
2014 5 59
2014 6 52
2014 7 40
2014 8 44
2014 9 79
2015 1 109
2015 10 54
2015 11 43
2015 12 63
2015 2 73
2015 3 57
2015 4 53
2015 5 77
2015 6 63
2015 7 28
2015 8 60
2015 9 83
2016 1 71
2016 10 37
2016 11 31
2016 12 66
2016 2 62
2016 3 51
2016 4 47
2016 5 77
2016 6 42
2016 7 48
2016 8 38
2016 9 87
2017 1 50
2017 10 55
2017 11 53
2017 12 62
2017 2 78
2017 3 38
2017 4 35
2017 5 60
2017 6 50
2017 7 35
2017 8 49
2017 9 91
2018 1 85
2018 10 56
2018 11 59
2018 12 77
2018 2 52
2018 3 54
2018 4 38
2018 5 59
2018 6 48
2018 7 56
2018 8 61
2018 9 78
