2008 1 169
2008 10 91
2008 11 71
2008 12 82
2008 2 116
2008 3 53
2008 4 71
2008 5 114
2008 6 75
2008 7 74
2008 8 60
2008 9 132
2009 1 116
2009 10 65
2009 11 50
2009 12 66
2009 2 75
2009 3 64
2009 4 52
2009 5 77
2009 6 51
2009 7 62
2009 8 57
2009 9 123
2010 1 88
2010 10 46
2010 11 58
2010 12 56
2010 2 81
2010 3 50
2010 4 75
2010 5 64
2010 6 54
2010 7 50
2010 8 54
2010 9 77
2011 1 95
2011 10 67
2011 11 65
2011 12 52
2011 2 117
2011 3 46
2011 4 40
2011 5 78
2011 6 51
2011 7 64
2011 8 71
2011 9 129
2012 1 92
2012 10 75
2012 11 76
2012 12 42
2012 2 81
2012 3 44
2012 4 47
2012 5 79
2012 6 42
2012 7 47
2012 8 51
2012 9 108
2013 1 100
2013 10 42
2013 11 39
2013 12 50
2013 2 52
2013 3 33
2013 4 20
2013 5 43
2013 6 30
2013 7 24
2013 8 34
2013 9 51
2014 1 84
2014 10 56
2014 11 51
2014 12 74
2014 2 57
2014 3 34
2014 4 58
2014 5 78
2014 6 35
2014 7 48
2014 8 72
2014 9 75
2015 1 101
2015 10 71
2015 11 52
2015 12 69
2015 2 64
2015 3 51
2015 4 39
2015 5 85
2015 6 42
2015 7 39
2015 8 84
2015 9 66
2016 1 116
2016 10 40
2016 11 35
2016 12 60
2016 2 128
2016 3 75
2016 4 50
2016 5 72
2016 6 67
2016 7 39
2016 8 38
2016 9 87
2017 1 91
2017 10 88
2017 11 78
2017 12 61
2017 2 78
2017 3 39
2017 4 51
2017 5 57
2017 6 82
2017 7 37
2017 8 66
2017 9 71
2018 1 84
2018 10 81
2018 11 60
2018 12 58
2018 2 66
2018 3 60
2018 4 39
2018 5 77
2018 6 41
2018 7 49
2018 8 91
2018 9 106
