2010 10 26
2010 11 150
2010 12 145
2010 6 2
2010 7 20
2010 8 2
2010 9 42
2011 1 241
2011 10 188
2011 11 177
2011 12 156
2011 2 184
2011 3 104
2011 4 159
2011 5 159
2011 6 141
2011 7 161
2011 8 195
2011 9 228
2012 1 265
2012 10 192
2012 11 256
2012 12 257
2012 2 266
2012 3 156
2012 4 264
2012 5 305
2012 6 150
2012 7 248
2012 8 258
2012 9 264
2013 1 309
2013 10 239
2013 11 225
2013 12 286
2013 2 379
2013 3 284
2013 4 314
2013 5 337
2013 6 252
2013 7 280
2013 8 255
2013 9 280
2014 1 360
2014 10 203
2014 11 237
2014 12 241
2014 2 242
2014 3 214
2014 4 296
2014 5 306
2014 6 226
2014 7 300
2014 8 266
2014 9 221
2015 1 308
2015 10 246
2015 11 247
2015 12 225
2015 2 221
2015 3 217
2015 4 236
2015 5 291
2015 6 239
2015 7 299
2015 8 260
2015 9 336
2016 1 309
2016 10 246
2016 11 306
2016 12 297
2016 2 286
2016 3 230
2016 4 318
2016 5 365
2016 6 203
2016 7 240
2016 8 297
2016 9 303
2017 1 384
2017 10 292
2017 11 235
2017 12 279
2017 2 311
2017 3 339
2017 4 238
2017 5 358
2017 6 286
2017 7 248
2017 8 279
2017 9 336
2018 1 334
2018 10 279
2018 11 312
2018 12 285
2018 2 272
2018 3 231
2018 4 251
2018 5 312
2018 6 222
2018 7 283
2018 8 274
2018 9 364
