2008 1 20
2008 10 3
2008 11 8
2008 12 7
2008 2 9
2008 3 5
2008 4 6
2008 5 26
2008 6 10
2008 7 8
2008 8 2
2008 9 11
2009 1 4
2009 10 0
2009 11 7
2009 12 12
2009 2 2
2009 3 1
2009 4 0
2009 5 8
2009 6 1
2009 7 3
2009 8 0
2009 9 19
2010 1 13
2010 10 271
2010 11 315
2010 12 262
2010 2 8
2010 3 2
2010 4 3
2010 5 8
2010 6 10
2010 7 4
2010 8 4
2010 9 21
2011 1 377
2011 10 422
2011 11 432
2011 12 354
2011 2 395
2011 3 334
2011 4 269
2011 5 402
2011 6 279
2011 7 282
2011 8 336
2011 9 539
2012 1 371
2012 10 507
2012 11 513
2012 12 324
2012 2 352
2012 3 230
2012 4 283
2012 5 571
2012 6 371
2012 7 448
2012 8 432
2012 9 523
2013 1 333
2013 10 536
2013 11 422
2013 12 403
2013 2 449
2013 3 340
2013 4 412
2013 5 513
2013 6 404
2013 7 357
2013 8 414
2013 9 613
2014 1 541
2014 10 485
2014 11 472
2014 12 403
2014 2 457
2014 3 353
2014 4 437
2014 5 552
2014 6 350
2014 7 375
2014 8 400
2014 9 564
2015 1 448
2015 10 330
2015 11 365
2015 12 249
2015 2 432
2015 3 406
2015 4 402
2015 5 474
2015 6 314
2015 7 327
2015 8 336
2015 9 606
2016 1 268
2016 10 272
2016 11 304
2016 12 322
2016 2 345
2016 3 282
2016 4 301
2016 5 424
2016 6 280
2016 7 271
2016 8 302
2016 9 463
2017 1 292
2017 10 286
2017 11 251
2017 12 245
2017 2 357
2017 3 278
2017 4 231
2017 5 372
2017 6 280
2017 7 255
2017 8 300
2017 9 406
2018 1 289
2018 10 280
2018 11 281
2018 12 275
2018 2 239
2018 3 232
2018 4 256
2018 5 393
2018 6 246
2018 7 236
2018 8 346
2018 9 409
