2008 1 147
2008 10 86
2008 11 65
2008 12 73
2008 2 99
2008 3 45
2008 4 64
2008 5 96
2008 6 69
2008 7 69
2008 8 51
2008 9 122
2009 1 102
2009 10 56
2009 11 45
2009 12 51
2009 2 63
2009 3 58
2009 4 42
2009 5 56
2009 6 45
2009 7 58
2009 8 47
2009 9 102
2010 1 71
2010 10 44
2010 11 51
2010 12 45
2010 2 69
2010 3 43
2010 4 54
2010 5 53
2010 6 53
2010 7 43
2010 8 46
2010 9 69
2011 1 72
2011 10 52
2011 11 47
2011 12 41
2011 2 83
2011 3 41
2011 4 31
2011 5 55
2011 6 41
2011 7 50
2011 8 60
2011 9 101
2012 1 72
2012 10 63
2012 11 68
2012 12 30
2012 2 63
2012 3 32
2012 4 37
2012 5 60
2012 6 38
2012 7 41
2012 8 42
2012 9 74
2013 1 85
2013 10 35
2013 11 31
2013 12 40
2013 2 43
2013 3 24
2013 4 17
2013 5 38
2013 6 28
2013 7 19
2013 8 28
2013 9 43
2014 1 65
2014 10 48
2014 11 44
2014 12 55
2014 2 49
2014 3 24
2014 4 41
2014 5 52
2014 6 28
2014 7 39
2014 8 58
2014 9 49
2015 1 85
2015 10 58
2015 11 44
2015 12 55
2015 2 46
2015 3 41
2015 4 24
2015 5 61
2015 6 30
2015 7 28
2015 8 75
2015 9 59
2016 1 91
2016 10 36
2016 11 24
2016 12 44
2016 2 98
2016 3 66
2016 4 41
2016 5 51
2016 6 54
2016 7 35
2016 8 33
2016 9 81
2017 1 66
2017 10 65
2017 11 68
2017 12 56
2017 2 58
2017 3 28
2017 4 42
2017 5 43
2017 6 70
2017 7 25
2017 8 58
2017 9 59
2018 1 68
2018 10 62
2018 11 50
2018 12 44
2018 2 52
2018 3 43
2018 4 31
2018 5 59
2018 6 36
2018 7 42
2018 8 64
2018 9 85
