2010 10 1
2010 11 14
2010 12 19
2010 7 1
2010 9 1
2011 1 21
2011 10 12
2011 11 24
2011 12 14
2011 2 17
2011 3 8
2011 4 17
2011 5 16
2011 6 14
2011 7 18
2011 8 20
2011 9 11
2012 1 54
2012 10 34
2012 11 38
2012 12 26
2012 2 35
2012 3 22
2012 4 32
2012 5 33
2012 6 14
2012 7 16
2012 8 24
2012 9 43
2013 1 43
2013 10 22
2013 11 18
2013 12 27
2013 2 26
2013 3 30
2013 4 26
2013 5 43
2013 6 30
2013 7 22
2013 8 30
2013 9 24
2014 1 48
2014 10 20
2014 11 23
2014 12 40
2014 2 27
2014 3 26
2014 4 31
2014 5 27
2014 6 19
2014 7 22
2014 8 31
2014 9 20
2015 1 52
2015 10 47
2015 11 36
2015 12 38
2015 2 25
2015 3 20
2015 4 27
2015 5 35
2015 6 38
2015 7 22
2015 8 48
2015 9 26
2016 1 61
2016 10 26
2016 11 36
2016 12 40
2016 2 45
2016 3 33
2016 4 32
2016 5 38
2016 6 17
2016 7 26
2016 8 26
2016 9 61
2017 1 61
2017 10 47
2017 11 35
2017 12 39
2017 2 30
2017 3 28
2017 4 23
2017 5 41
2017 6 57
2017 7 31
2017 8 48
2017 9 53
2018 1 71
2018 10 38
2018 11 44
2018 12 66
2018 2 49
2018 3 72
2018 4 51
2018 5 53
2018 6 36
2018 7 55
2018 8 72
2018 9 65
