2008 1 3
2008 10 2
2008 11 0
2008 2 2
2008 3 1
2008 5 5
2008 6 3
2008 7 2
2008 8 1
2008 9 6
2009 11 0
2009 9 3
2010 1 1
2010 10 42
2010 11 27
2010 12 20
2010 5 0
2010 6 1
2010 7 1
2010 9 1
2011 1 46
2011 10 29
2011 11 34
2011 12 33
2011 2 49
2011 3 34
2011 4 38
2011 5 61
2011 6 31
2011 7 46
2011 8 45
2011 9 51
2012 1 69
2012 10 42
2012 11 44
2012 12 26
2012 2 40
2012 3 33
2012 4 30
2012 5 51
2012 6 33
2012 7 55
2012 8 43
2012 9 76
2013 1 45
2013 10 51
2013 11 40
2013 12 43
2013 2 27
2013 3 40
2013 4 37
2013 5 41
2013 6 54
2013 7 34
2013 8 46
2013 9 83
2014 1 78
2014 10 46
2014 11 46
2014 12 58
2014 2 41
2014 3 50
2014 4 55
2014 5 50
2014 6 34
2014 7 39
2014 8 40
2014 9 61
2015 1 81
2015 10 43
2015 11 32
2015 12 49
2015 2 54
2015 3 48
2015 4 47
2015 5 59
2015 6 45
2015 7 26
2015 8 53
2015 9 74
2016 1 58
2016 10 31
2016 11 20
2016 12 46
2016 2 46
2016 3 43
2016 4 34
2016 5 53
2016 6 27
2016 7 40
2016 8 26
2016 9 69
2017 1 42
2017 10 48
2017 11 39
2017 12 50
2017 2 55
2017 3 29
2017 4 28
2017 5 49
2017 6 41
2017 7 31
2017 8 44
2017 9 84
2018 1 62
2018 10 43
2018 11 42
2018 12 54
2018 2 38
2018 3 44
2018 4 23
2018 5 39
2018 6 35
2018 7 44
2018 8 47
2018 9 61
