2008 1 15
2008 10 3
2008 11 4
2008 12 4
2008 2 7
2008 3 3
2008 4 3
2008 5 20
2008 6 10
2008 7 7
2008 8 2
2008 9 10
2009 1 1
2009 10 0
2009 11 6
2009 12 8
2009 2 2
2009 3 0
2009 4 0
2009 5 7
2009 6 1
2009 7 2
2009 8 0
2009 9 17
2010 1 9
2010 10 226
2010 11 255
2010 12 213
2010 2 8
2010 3 1
2010 4 3
2010 5 6
2010 6 8
2010 7 3
2010 8 3
2010 9 14
2011 1 297
2011 10 341
2011 11 329
2011 12 265
2011 2 304
2011 3 266
2011 4 212
2011 5 328
2011 6 213
2011 7 208
2011 8 282
2011 9 459
2012 1 266
2012 10 395
2012 11 370
2012 12 235
2012 2 258
2012 3 186
2012 4 243
2012 5 499
2012 6 303
2012 7 380
2012 8 365
2012 9 441
2013 1 270
2013 10 433
2013 11 321
2013 12 271
2013 2 348
2013 3 277
2013 4 320
2013 5 376
2013 6 293
2013 7 311
2013 8 328
2013 9 467
2014 1 389
2014 10 364
2014 11 344
2014 12 296
2014 2 361
2014 3 267
2014 4 329
2014 5 420
2014 6 259
2014 7 330
2014 8 330
2014 9 457
2015 1 347
2015 10 235
2015 11 266
2015 12 197
2015 2 325
2015 3 333
2015 4 332
2015 5 356
2015 6 246
2015 7 262
2015 8 285
2015 9 474
2016 1 196
2016 10 222
2016 11 217
2016 12 242
2016 2 278
2016 3 211
2016 4 228
2016 5 316
2016 6 217
2016 7 220
2016 8 225
2016 9 355
2017 1 217
2017 10 226
2017 11 196
2017 12 210
2017 2 254
2017 3 219
2017 4 198
2017 5 300
2017 6 229
2017 7 200
2017 8 239
2017 9 334
2018 1 246
2018 10 209
2018 11 223
2018 12 220
2018 2 196
2018 3 182
2018 4 207
2018 5 306
2018 6 190
2018 7 184
2018 8 267
2018 9 316
