2008 1 601
2008 10 512
2008 11 284
2008 12 332
2008 2 587
2008 3 320
2008 4 410
2008 5 633
2008 6 362
2008 7 302
2008 8 301
2008 9 517
2009 1 459
2009 10 414
2009 11 416
2009 12 347
2009 2 395
2009 3 243
2009 4 291
2009 5 427
2009 6 294
2009 7 260
2009 8 325
2009 9 505
2010 1 364
2010 10 330
2010 11 391
2010 12 283
2010 2 456
2010 3 303
2010 4 406
2010 5 494
2010 6 336
2010 7 312
2010 8 307
2010 9 442
2011 1 409
2011 10 374
2011 11 420
2011 12 250
2011 2 442
2011 3 304
2011 4 304
2011 5 493
2011 6 312
2011 7 283
2011 8 388
2011 9 552
2012 1 342
2012 10 365
2012 11 354
2012 12 234
2012 2 377
2012 3 194
2012 4 281
2012 5 519
2012 6 305
2012 7 312
2012 8 335
2012 9 492
2013 1 316
2013 10 254
2013 11 254
2013 12 298
2013 2 296
2013 3 170
2013 4 152
2013 5 283
2013 6 183
2013 7 180
2013 8 221
2013 9 325
2014 1 341
2014 10 354
2014 11 297
2014 12 278
2014 2 363
2014 3 249
2014 4 268
2014 5 366
2014 6 209
2014 7 301
2014 8 343
2014 9 369
2015 1 339
2015 10 295
2015 11 303
2015 12 298
2015 2 353
2015 3 259
2015 4 243
2015 5 337
2015 6 272
2015 7 274
2015 8 345
2015 9 397
2016 1 322
2016 10 309
2016 11 288
2016 12 289
2016 2 356
2016 3 238
2016 4 264
2016 5 307
2016 6 229
2016 7 231
2016 8 241
2016 9 306
2017 1 265
2017 10 287
2017 11 260
2017 12 213
2017 2 252
2017 3 198
2017 4 218
2017 5 339
2017 6 292
2017 7 184
2017 8 243
2017 9 238
2018 1 265
2018 10 304
2018 11 226
2018 12 226
2018 2 275
2018 3 244
2018 4 181
2018 5 294
2018 6 193
2018 7 202
2018 8 258
2018 9 284
