2010 10 3
2010 11 31
2010 12 40
2010 7 2
2010 9 1
2011 1 48
2011 10 25
2011 11 36
2011 12 28
2011 2 38
2011 3 11
2011 4 23
2011 5 31
2011 6 20
2011 7 26
2011 8 29
2011 9 31
2012 1 81
2012 10 50
2012 11 55
2012 12 60
2012 2 58
2012 3 31
2012 4 46
2012 5 62
2012 6 25
2012 7 31
2012 8 43
2012 9 61
2013 1 90
2013 10 38
2013 11 39
2013 12 48
2013 2 65
2013 3 55
2013 4 66
2013 5 66
2013 6 46
2013 7 37
2013 8 41
2013 9 50
2014 1 84
2014 10 31
2014 11 33
2014 12 76
2014 2 40
2014 3 38
2014 4 47
2014 5 62
2014 6 32
2014 7 37
2014 8 42
2014 9 26
2015 1 105
2015 10 70
2015 11 55
2015 12 65
2015 2 51
2015 3 29
2015 4 44
2015 5 61
2015 6 57
2015 7 41
2015 8 62
2015 9 45
2016 1 87
2016 10 51
2016 11 65
2016 12 76
2016 2 80
2016 3 53
2016 4 61
2016 5 80
2016 6 33
2016 7 47
2016 8 63
2016 9 111
2017 1 99
2017 10 104
2017 11 88
2017 12 92
2017 2 69
2017 3 64
2017 4 63
2017 5 104
2017 6 105
2017 7 64
2017 8 89
2017 9 95
2018 1 158
2018 10 91
2018 11 97
2018 12 111
2018 2 91
2018 3 130
2018 4 87
2018 5 115
2018 6 71
2018 7 93
2018 8 113
2018 9 110
