2008 1 200
2008 10 131
2008 11 97
2008 12 105
2008 2 150
2008 3 64
2008 4 92
2008 5 151
2008 6 87
2008 7 92
2008 8 92
2008 9 170
2009 1 148
2009 10 112
2009 11 102
2009 12 151
2009 2 99
2009 3 77
2009 4 74
2009 5 128
2009 6 75
2009 7 81
2009 8 89
2009 9 173
2010 1 168
2010 10 87
2010 11 123
2010 12 127
2010 2 144
2010 3 73
2010 4 102
2010 5 99
2010 6 85
2010 7 83
2010 8 74
2010 9 118
2011 1 163
2011 10 106
2011 11 93
2011 12 71
2011 2 175
2011 3 62
2011 4 64
2011 5 136
2011 6 70
2011 7 81
2011 8 97
2011 9 191
2012 1 167
2012 10 108
2012 11 118
2012 12 89
2012 2 117
2012 3 65
2012 4 67
2012 5 133
2012 6 61
2012 7 73
2012 8 82
2012 9 157
2013 1 175
2013 10 59
2013 11 61
2013 12 90
2013 2 102
2013 3 53
2013 4 41
2013 5 82
2013 6 45
2013 7 32
2013 8 47
2013 9 78
2014 1 136
2014 10 83
2014 11 75
2014 12 117
2014 2 82
2014 3 57
2014 4 85
2014 5 108
2014 6 60
2014 7 62
2014 8 97
2014 9 111
2015 1 157
2015 10 88
2015 11 77
2015 12 92
2015 2 103
2015 3 71
2015 4 60
2015 5 111
2015 6 56
2015 7 66
2015 8 105
2015 9 94
2016 1 158
2016 10 79
2016 11 70
2016 12 80
2016 2 165
2016 3 99
2016 4 68
2016 5 118
2016 6 83
2016 7 60
2016 8 59
2016 9 124
2017 1 132
2017 10 157
2017 11 119
2017 12 103
2017 2 108
2017 3 65
2017 4 82
2017 5 119
2017 6 145
2017 7 74
2017 8 122
2017 9 120
2018 1 155
2018 10 112
2018 11 92
2018 12 99
2018 2 116
2018 3 116
2018 4 66
2018 5 137
2018 6 69
2018 7 73
2018 8 118
2018 9 141
