2010 10 1
2010 11 13
2010 12 15
2010 7 0
2010 9 0
2011 1 21
2011 10 12
2011 11 24
2011 12 14
2011 2 16
2011 3 8
2011 4 17
2011 5 16
2011 6 12
2011 7 17
2011 8 19
2011 9 11
2012 1 52
2012 10 32
2012 11 38
2012 12 26
2012 2 33
2012 3 20
2012 4 31
2012 5 33
2012 6 14
2012 7 16
2012 8 24
2012 9 40
2013 1 42
2013 10 22
2013 11 17
2013 12 27
2013 2 25
2013 3 29
2013 4 24
2013 5 40
2013 6 29
2013 7 20
2013 8 25
2013 9 21
2014 1 48
2014 10 19
2014 11 23
2014 12 38
2014 2 25
2014 3 24
2014 4 29
2014 5 24
2014 6 17
2014 7 22
2014 8 29
2014 9 19
2015 1 49
2015 10 44
2015 11 36
2015 12 33
2015 2 24
2015 3 18
2015 4 24
2015 5 34
2015 6 37
2015 7 20
2015 8 46
2015 9 24
2016 1 55
2016 10 20
2016 11 33
2016 12 39
2016 2 43
2016 3 30
2016 4 31
2016 5 37
2016 6 15
2016 7 26
2016 8 22
2016 9 59
2017 1 57
2017 10 45
2017 11 33
2017 12 35
2017 2 29
2017 3 26
2017 4 21
2017 5 39
2017 6 56
2017 7 29
2017 8 45
2017 9 51
2018 1 69
2018 10 36
2018 11 41
2018 12 61
2018 2 45
2018 3 67
2018 4 46
2018 5 47
2018 6 33
2018 7 51
2018 8 68
2018 9 60
