2008 1 14
2008 10 3
2008 11 4
2008 12 4
2008 2 7
2008 3 3
2008 4 3
2008 5 20
2008 6 10
2008 7 5
2008 8 2
2008 9 10
2009 1 1
2009 10 0
2009 11 6
2009 12 8
2009 2 2
2009 3 0
2009 4 0
2009 5 7
2009 6 0
2009 7 2
2009 8 0
2009 9 16
2010 1 7
2010 10 216
2010 11 239
2010 12 201
2010 2 8
2010 3 1
2010 4 3
2010 5 6
2010 6 7
2010 7 3
2010 8 3
2010 9 10
2011 1 280
2011 10 327
2011 11 308
2011 12 258
2011 2 278
2011 3 251
2011 4 188
2011 5 301
2011 6 195
2011 7 192
2011 8 265
2011 9 435
2012 1 253
2012 10 366
2012 11 336
2012 12 224
2012 2 249
2012 3 174
2012 4 212
2012 5 459
2012 6 290
2012 7 358
2012 8 334
2012 9 420
2013 1 251
2013 10 400
2013 11 301
2013 12 261
2013 2 327
2013 3 222
2013 4 298
2013 5 352
2013 6 268
2013 7 290
2013 8 308
2013 9 428
2014 1 366
2014 10 338
2014 11 316
2014 12 277
2014 2 342
2014 3 254
2014 4 309
2014 5 371
2014 6 245
2014 7 308
2014 8 309
2014 9 412
2015 1 325
2015 10 219
2015 11 247
2015 12 191
2015 2 310
2015 3 312
2015 4 305
2015 5 319
2015 6 238
2015 7 239
2015 8 273
2015 9 443
2016 1 187
2016 10 210
2016 11 201
2016 12 232
2016 2 260
2016 3 195
2016 4 205
2016 5 274
2016 6 212
2016 7 207
2016 8 207
2016 9 324
2017 1 204
2017 10 203
2017 11 188
2017 12 200
2017 2 236
2017 3 190
2017 4 188
2017 5 286
2017 6 218
2017 7 192
2017 8 232
2017 9 322
2018 1 236
2018 10 198
2018 11 220
2018 12 209
2018 2 185
2018 3 176
2018 4 189
2018 5 284
2018 6 182
2018 7 169
2018 8 252
2018 9 297
