2008 1 591
2008 10 483
2008 11 265
2008 12 311
2008 2 558
2008 3 309
2008 4 401
2008 5 609
2008 6 348
2008 7 286
2008 8 281
2008 9 474
2009 1 445
2009 10 378
2009 11 385
2009 12 308
2009 2 362
2009 3 231
2009 4 278
2009 5 386
2009 6 283
2009 7 248
2009 8 304
2009 9 468
2010 1 339
2010 10 307
2010 11 370
2010 12 257
2010 2 433
2010 3 285
2010 4 366
2010 5 448
2010 6 313
2010 7 285
2010 8 288
2010 9 408
2011 1 386
2011 10 345
2011 11 394
2011 12 238
2011 2 413
2011 3 292
2011 4 292
2011 5 469
2011 6 301
2011 7 267
2011 8 369
2011 9 524
2012 1 327
2012 10 340
2012 11 331
2012 12 218
2012 2 350
2012 3 182
2012 4 253
2012 5 471
2012 6 292
2012 7 290
2012 8 311
2012 9 447
2013 1 290
2013 10 229
2013 11 229
2013 12 255
2013 2 283
2013 3 154
2013 4 142
2013 5 257
2013 6 162
2013 7 161
2013 8 207
2013 9 294
2014 1 303
2014 10 330
2014 11 273
2014 12 264
2014 2 334
2014 3 223
2014 4 240
2014 5 325
2014 6 198
2014 7 278
2014 8 322
2014 9 336
2015 1 314
2015 10 282
2015 11 278
2015 12 281
2015 2 329
2015 3 235
2015 4 217
2015 5 313
2015 6 258
2015 7 253
2015 8 310
2015 9 365
2016 1 312
2016 10 294
2016 11 270
2016 12 278
2016 2 337
2016 3 224
2016 4 252
2016 5 278
2016 6 212
2016 7 222
2016 8 222
2016 9 284
2017 1 237
2017 10 274
2017 11 238
2017 12 200
2017 2 240
2017 3 167
2017 4 195
2017 5 301
2017 6 265
2017 7 170
2017 8 218
2017 9 220
2018 1 248
2018 10 296
2018 11 218
2018 12 213
2018 2 263
2018 3 223
2018 4 164
2018 5 272
2018 6 186
2018 7 188
2018 8 244
2018 9 258
