2008 1 3
2008 10 2
2008 11 0
2008 2 2
2008 3 1
2008 5 4
2008 6 3
2008 7 2
2008 8 1
2008 9 6
2009 11 0
2009 9 3
2010 1 1
2010 10 39
2010 11 27
2010 12 19
2010 5 0
2010 6 1
2010 7 1
2010 9 0
2011 1 45
2011 10 28
2011 11 31
2011 12 31
2011 2 47
2011 3 33
2011 4 35
2011 5 50
2011 6 28
2011 7 39
2011 8 40
2011 9 45
2012 1 65
2012 10 37
2012 11 43
2012 12 23
2012 2 35
2012 3 32
2012 4 29
2012 5 47
2012 6 32
2012 7 54
2012 8 37
2012 9 67
2013 1 41
2013 10 49
2013 11 39
2013 12 41
2013 2 24
2013 3 38
2013 4 34
2013 5 35
2013 6 49
2013 7 30
2013 8 45
2013 9 78
2014 1 77
2014 10 41
2014 11 44
2014 12 54
2014 2 41
2014 3 47
2014 4 51
2014 5 41
2014 6 30
2014 7 34
2014 8 38
2014 9 51
2015 1 77
2015 10 43
2015 11 30
2015 12 49
2015 2 50
2015 3 46
2015 4 42
2015 5 54
2015 6 39
2015 7 25
2015 8 49
2015 9 69
2016 1 55
2016 10 29
2016 11 19
2016 12 44
2016 2 41
2016 3 41
2016 4 32
2016 5 45
2016 6 26
2016 7 35
2016 8 22
2016 9 64
2017 1 41
2017 10 44
2017 11 38
2017 12 50
2017 2 53
2017 3 28
2017 4 25
2017 5 45
2017 6 41
2017 7 30
2017 8 43
2017 9 82
2018 1 61
2018 10 41
2018 11 41
2018 12 53
2018 2 35
2018 3 43
2018 4 23
2018 5 36
2018 6 32
2018 7 42
2018 8 47
2018 9 60
