2008 1 138
2008 10 81
2008 11 59
2008 12 63
2008 2 89
2008 3 39
2008 4 58
2008 5 86
2008 6 66
2008 7 65
2008 8 49
2008 9 110
2009 1 98
2009 10 54
2009 11 43
2009 12 50
2009 2 58
2009 3 58
2009 4 41
2009 5 54
2009 6 44
2009 7 56
2009 8 45
2009 9 97
2010 1 70
2010 10 44
2010 11 50
2010 12 45
2010 2 68
2010 3 43
2010 4 54
2010 5 52
2010 6 50
2010 7 42
2010 8 46
2010 9 68
2011 1 71
2011 10 52
2011 11 44
2011 12 37
2011 2 82
2011 3 40
2011 4 30
2011 5 55
2011 6 39
2011 7 50
2011 8 58
2011 9 100
2012 1 71
2012 10 58
2012 11 62
2012 12 30
2012 2 62
2012 3 28
2012 4 34
2012 5 56
2012 6 38
2012 7 38
2012 8 40
2012 9 68
2013 1 81
2013 10 27
2013 11 28
2013 12 35
2013 2 43
2013 3 24
2013 4 17
2013 5 36
2013 6 27
2013 7 17
2013 8 26
2013 9 37
2014 1 62
2014 10 47
2014 11 44
2014 12 50
2014 2 49
2014 3 22
2014 4 39
2014 5 51
2014 6 26
2014 7 36
2014 8 55
2014 9 48
2015 1 79
2015 10 54
2015 11 40
2015 12 53
2015 2 43
2015 3 36
2015 4 23
2015 5 59
2015 6 28
2015 7 27
2015 8 72
2015 9 58
2016 1 86
2016 10 32
2016 11 23
2016 12 39
2016 2 91
2016 3 61
2016 4 41
2016 5 50
2016 6 48
2016 7 31
2016 8 31
2016 9 69
2017 1 62
2017 10 59
2017 11 60
2017 12 49
2017 2 51
2017 3 28
2017 4 40
2017 5 42
2017 6 67
2017 7 24
2017 8 52
2017 9 58
2018 1 65
2018 10 55
2018 11 44
2018 12 43
2018 2 52
2018 3 41
2018 4 30
2018 5 57
2018 6 34
2018 7 42
2018 8 58
2018 9 79
