2010 10 14
2010 11 101
2010 12 102
2010 6 1
2010 7 17
2010 8 0
2010 9 26
2011 1 170
2011 10 145
2011 11 131
2011 12 115
2011 2 114
2011 3 69
2011 4 107
2011 5 106
2011 6 92
2011 7 120
2011 8 143
2011 9 172
2012 1 195
2012 10 130
2012 11 175
2012 12 186
2012 2 195
2012 3 114
2012 4 199
2012 5 239
2012 6 117
2012 7 167
2012 8 187
2012 9 187
2013 1 206
2013 10 177
2013 11 175
2013 12 202
2013 2 264
2013 3 177
2013 4 227
2013 5 224
2013 6 167
2013 7 202
2013 8 186
2013 9 199
2014 1 272
2014 10 149
2014 11 180
2014 12 191
2014 2 185
2014 3 161
2014 4 224
2014 5 218
2014 6 148
2014 7 212
2014 8 192
2014 9 155
2015 1 225
2015 10 184
2015 11 157
2015 12 157
2015 2 164
2015 3 156
2015 4 165
2015 5 209
2015 6 161
2015 7 232
2015 8 198
2015 9 237
2016 1 228
2016 10 186
2016 11 233
2016 12 236
2016 2 209
2016 3 156
2016 4 214
2016 5 259
2016 6 148
2016 7 167
2016 8 221
2016 9 221
2017 1 281
2017 10 201
2017 11 166
2017 12 210
2017 2 227
2017 3 227
2017 4 177
2017 5 255
2017 6 210
2017 7 178
2017 8 202
2017 9 230
2018 1 241
2018 10 184
2018 11 230
2018 12 233
2018 2 202
2018 3 174
2018 4 184
2018 5 230
2018 6 164
2018 7 223
2018 8 213
2018 9 278
