2010 10 2
2010 11 28
2010 12 35
2010 7 2
2010 9 1
2011 1 41
2011 10 23
2011 11 29
2011 12 26
2011 2 33
2011 3 11
2011 4 22
2011 5 25
2011 6 18
2011 7 25
2011 8 27
2011 9 27
2012 1 66
2012 10 43
2012 11 46
2012 12 37
2012 2 50
2012 3 29
2012 4 43
2012 5 53
2012 6 22
2012 7 30
2012 8 37
2012 9 55
2013 1 54
2013 10 32
2013 11 36
2013 12 45
2013 2 42
2013 3 49
2013 4 61
2013 5 63
2013 6 42
2013 7 34
2013 8 40
2013 9 46
2014 1 71
2014 10 28
2014 11 28
2014 12 54
2014 2 36
2014 3 35
2014 4 47
2014 5 50
2014 6 26
2014 7 34
2014 8 40
2014 9 26
2015 1 69
2015 10 67
2015 11 50
2015 12 54
2015 2 37
2015 3 26
2015 4 42
2015 5 56
2015 6 53
2015 7 37
2015 8 59
2015 9 40
2016 1 78
2016 10 42
2016 11 52
2016 12 67
2016 2 67
2016 3 50
2016 4 54
2016 5 72
2016 6 27
2016 7 41
2016 8 47
2016 9 103
2017 1 81
2017 10 77
2017 11 67
2017 12 66
2017 2 54
2017 3 48
2017 4 47
2017 5 90
2017 6 91
2017 7 52
2017 8 74
2017 9 79
2018 1 123
2018 10 79
2018 11 87
2018 12 104
2018 2 72
2018 3 106
2018 4 79
2018 5 103
2018 6 61
2018 7 88
2018 8 102
2018 9 101
