2008 1 885
2008 10 818
2008 11 499
2008 12 594
2008 2 884
2008 3 475
2008 4 589
2008 5 877
2008 6 547
2008 7 467
2008 8 466
2008 9 755
2009 1 769
2009 10 624
2009 11 689
2009 12 672
2009 2 674
2009 3 388
2009 4 444
2009 5 668
2009 6 476
2009 7 416
2009 8 498
2009 9 827
2010 1 647
2010 10 571
2010 11 643
2010 12 560
2010 2 740
2010 3 487
2010 4 613
2010 5 763
2010 6 503
2010 7 495
2010 8 464
2010 9 734
2011 1 721
2011 10 658
2011 11 710
2011 12 524
2011 2 742
2011 3 477
2011 4 490
2011 5 775
2011 6 508
2011 7 486
2011 8 603
2011 9 853
2012 1 648
2012 10 577
2012 11 600
2012 12 484
2012 2 667
2012 3 337
2012 4 453
2012 5 812
2012 6 475
2012 7 523
2012 8 534
2012 9 729
2013 1 653
2013 10 461
2013 11 451
2013 12 538
2013 2 532
2013 3 293
2013 4 258
2013 5 529
2013 6 339
2013 7 329
2013 8 398
2013 9 573
2014 1 676
2014 10 582
2014 11 510
2014 12 527
2014 2 587
2014 3 471
2014 4 481
2014 5 667
2014 6 412
2014 7 497
2014 8 556
2014 9 582
2015 1 653
2015 10 514
2015 11 489
2015 12 496
2015 2 620
2015 3 423
2015 4 388
2015 5 545
2015 6 389
2015 7 415
2015 8 503
2015 9 619
2016 1 569
2016 10 482
2016 11 476
2016 12 481
2016 2 585
2016 3 440
2016 4 471
2016 5 532
2016 6 406
2016 7 374
2016 8 395
2016 9 527
2017 1 465
2017 10 480
2017 11 434
2017 12 359
2017 2 466
2017 3 371
2017 4 356
2017 5 534
2017 6 466
2017 7 342
2017 8 427
2017 9 426
2018 1 419
2018 10 504
2018 11 420
2018 12 429
2018 2 443
2018 3 391
2018 4 318
2018 5 511
2018 6 329
2018 7 343
2018 8 445
2018 9 530
