2008 1 23
2008 10 5
2008 11 10
2008 12 14
2008 2 10
2008 3 7
2008 4 6
2008 5 30
2008 6 10
2008 7 10
2008 8 2
2008 9 16
2009 1 4
2009 10 1
2009 11 8
2009 12 14
2009 2 2
2009 3 1
2009 4 1
2009 5 9
2009 6 2
2009 7 4
2009 8 0
2009 9 26
2010 1 25
2010 10 362
2010 11 427
2010 12 376
2010 2 11
2010 3 2
2010 4 4
2010 5 9
2010 6 12
2010 7 5
2010 8 5
2010 9 31
2011 1 532
2011 10 598
2011 11 644
2011 12 526
2011 2 556
2011 3 421
2011 4 348
2011 5 577
2011 6 393
2011 7 386
2011 8 462
2011 9 786
2012 1 539
2012 10 692
2012 11 716
2012 12 495
2012 2 494
2012 3 312
2012 4 408
2012 5 810
2012 6 510
2012 7 595
2012 8 622
2012 9 721
2013 1 499
2013 10 741
2013 11 590
2013 12 580
2013 2 618
2013 3 448
2013 4 564
2013 5 690
2013 6 537
2013 7 475
2013 8 569
2013 9 836
2014 1 741
2014 10 673
2014 11 660
2014 12 639
2014 2 644
2014 3 520
2014 4 566
2014 5 687
2014 6 505
2014 7 493
2014 8 544
2014 9 747
2015 1 720
2015 10 440
2015 11 490
2015 12 378
2015 2 625
2015 3 507
2015 4 522
2015 5 586
2015 6 408
2015 7 405
2015 8 413
2015 9 777
2016 1 413
2016 10 382
2016 11 414
2016 12 409
2016 2 453
2016 3 362
2016 4 389
2016 5 539
2016 6 356
2016 7 336
2016 8 377
2016 9 603
2017 1 372
2017 10 375
2017 11 326
2017 12 327
2017 2 457
2017 3 371
2017 4 297
2017 5 495
2017 6 369
2017 7 334
2017 8 399
2017 9 518
2018 1 360
2018 10 364
2018 11 375
2018 12 374
2018 2 319
2018 3 316
2018 4 332
2018 5 491
2018 6 307
2018 7 287
2018 8 440
2018 9 538
