2010 10 1
2010 11 11
2010 12 14
2010 7 0
2010 9 0
2011 1 20
2011 10 11
2011 11 23
2011 12 14
2011 2 14
2011 3 8
2011 4 17
2011 5 16
2011 6 12
2011 7 15
2011 8 17
2011 9 9
2012 1 49
2012 10 27
2012 11 33
2012 12 23
2012 2 30
2012 3 18
2012 4 29
2012 5 27
2012 6 12
2012 7 12
2012 8 16
2012 9 28
2013 1 39
2013 10 17
2013 11 15
2013 12 23
2013 2 24
2013 3 22
2013 4 22
2013 5 33
2013 6 24
2013 7 20
2013 8 21
2013 9 19
2014 1 44
2014 10 19
2014 11 21
2014 12 35
2014 2 20
2014 3 23
2014 4 29
2014 5 22
2014 6 15
2014 7 22
2014 8 26
2014 9 18
2015 1 43
2015 10 42
2015 11 29
2015 12 22
2015 2 21
2015 3 17
2015 4 22
2015 5 27
2015 6 34
2015 7 20
2015 8 43
2015 9 23
2016 1 43
2016 10 15
2016 11 27
2016 12 35
2016 2 37
2016 3 25
2016 4 26
2016 5 32
2016 6 13
2016 7 24
2016 8 21
2016 9 57
2017 1 52
2017 10 41
2017 11 32
2017 12 32
2017 2 26
2017 3 19
2017 4 17
2017 5 37
2017 6 47
2017 7 29
2017 8 41
2017 9 49
2018 1 65
2018 10 30
2018 11 35
2018 12 56
2018 2 41
2018 3 62
2018 4 42
2018 5 41
2018 6 29
2018 7 45
2018 8 60
2018 9 49
