2010 10 13
2010 11 81
2010 12 84
2010 6 1
2010 7 16
2010 8 0
2010 9 22
2011 1 140
2011 10 125
2011 11 121
2011 12 95
2011 2 94
2011 3 65
2011 4 91
2011 5 84
2011 6 80
2011 7 101
2011 8 120
2011 9 151
2012 1 163
2012 10 111
2012 11 152
2012 12 160
2012 2 168
2012 3 98
2012 4 175
2012 5 207
2012 6 99
2012 7 153
2012 8 169
2012 9 170
2013 1 179
2013 10 155
2013 11 150
2013 12 168
2013 2 214
2013 3 156
2013 4 199
2013 5 188
2013 6 149
2013 7 182
2013 8 162
2013 9 178
2014 1 217
2014 10 137
2014 11 156
2014 12 160
2014 2 143
2014 3 139
2014 4 204
2014 5 194
2014 6 132
2014 7 183
2014 8 164
2014 9 128
2015 1 195
2015 10 163
2015 11 134
2015 12 148
2015 2 143
2015 3 134
2015 4 146
2015 5 186
2015 6 138
2015 7 214
2015 8 180
2015 9 210
2016 1 199
2016 10 167
2016 11 211
2016 12 208
2016 2 194
2016 3 132
2016 4 192
2016 5 240
2016 6 135
2016 7 148
2016 8 194
2016 9 202
2017 1 239
2017 10 163
2017 11 128
2017 12 167
2017 2 189
2017 3 196
2017 4 151
2017 5 211
2017 6 188
2017 7 146
2017 8 171
2017 9 191
2018 1 201
2018 10 160
2018 11 210
2018 12 209
2018 2 172
2018 3 152
2018 4 158
2018 5 208
2018 6 134
2018 7 200
2018 8 181
2018 9 249
